0,-1.9116e-07
0.005,-1.9017e-07
0.01,-1.8768e-07
0.015,-1.8364e-07
0.02,-1.8111e-07
0.025,-1.8038e-07
0.03,-1.8179e-07
0.035,-1.8329e-07
0.04,-1.856e-07
0.045,-1.8692e-07
0.05,-1.8834e-07
0.055,-1.8902e-07
0.06,-1.8983e-07
0.065,-1.8991e-07
0.07,-1.8983e-07
0.075,-1.8961e-07
0.08,-1.9119e-07
0.085,-1.9381e-07
0.09,-1.9526e-07
0.095,-1.9415e-07
0.1,-1.9551e-07
0.105,-2.0053e-07
0.11,-2.1052e-07
0.115,-2.1866e-07
0.12,-2.2188e-07
0.125,-2.2115e-07
0.13,-2.1994e-07
0.135,-2.1857e-07
0.14,-2.2003e-07
0.145,-2.2667e-07
0.15,-2.3649e-07
0.155,-2.4417e-07
0.16,-2.4656e-07
0.165,-2.4674e-07
0.17,-2.5128e-07
0.175,-2.6569e-07
0.18,-2.7666e-07
0.185,-2.7628e-07
0.19,-2.758e-07
0.195,-2.8009e-07
0.2,-2.8361e-07
0.205,-2.7962e-07
0.21,-2.758e-07
0.215,-2.8223e-07
0.22,-3.0007e-07
0.225,-3.2005e-07
0.23,-3.3948e-07
0.235,-3.7289e-07
0.24,-4.219e-07
0.245,-4.6504e-07
0.25,-4.6881e-07
0.255,-4.1212e-07
0.26,-3.3399e-07
0.265,-2.8206e-07
0.27,-2.7237e-07
0.275,-2.8682e-07
0.28,-2.9904e-07
0.285,-3.0565e-07
0.29,-3.1933e-07
0.295,-3.4403e-07
0.3,-3.6993e-07
0.305,-3.7482e-07
0.31,-3.5363e-07
0.315,-3.4351e-07
0.32,-3.6942e-07
0.325,-4.1157e-07
0.33,-4.4155e-07
0.335,-4.379e-07
0.34,-4.2375e-07
0.345,-4.1376e-07
0.35,-4.111e-07
0.355,-4.241e-07
0.36,-4.6432e-07
0.365,-5.1549e-07
0.37,-5.4096e-07
0.375,-5.157e-07
0.38,-4.7085e-07
0.385,-4.8397e-07
0.39,-5.5636e-07
0.395,-5.917e-07
0.4,-5.1876e-07
0.405,-3.7227e-07
0.41,-2.5555e-07
0.415,-2.2609e-07
0.42,-2.7614e-07
0.425,-3.7962e-07
0.43,-5.4746e-07
0.435,-7.4112e-07
0.44,-8.6227e-07
0.445,-8.4434e-07
0.45,-7.0999e-07
0.455,-5.5622e-07
0.46,-4.8397e-07
0.465,-4.9242e-07
0.47,-5.7201e-07
0.475,-7.0825e-07
0.48,-8.2974e-07
0.485,-8.5775e-07
0.49,-7.7177e-07
0.495,-6.4162e-07
0.5,-5.6676e-07
0.505,-5.5432e-07
0.51,-5.8885e-07
0.515,-6.9065e-07
0.52,-8.5164e-07
0.525,-9.9067e-07
0.53,-1.0456e-06
0.535,-9.9617e-07
0.54,-9.4711e-07
0.545,-9.8708e-07
0.55,-1.029e-06
0.555,-1.0192e-06
0.56,-9.7509e-07
0.565,-9.193e-07
0.57,-8.7505e-07
0.575,-8.5494e-07
0.58,-8.5015e-07
0.585,-8.0954e-07
0.59,-7.0744e-07
0.595,-6.2262e-07
0.6,-6.6191e-07
0.605,-8.8143e-07
0.61,-1.1308e-06
0.615,-1.2588e-06
0.62,-1.2471e-06
0.625,-1.1325e-06
0.63,-9.6958e-07
0.635,-8.7928e-07
0.64,-9.3902e-07
0.645,-1.1209e-06
0.65,-1.3567e-06
0.655,-1.5547e-06
0.66,-1.6653e-06
0.665,-1.6686e-06
0.67,-1.5094e-06
0.675,-1.2283e-06
0.68,-1.0148e-06
0.685,-1.0581e-06
0.69,-1.2457e-06
0.695,-1.3489e-06
0.7,-1.3621e-06
0.705,-1.3641e-06
0.71,-1.484e-06
0.715,-1.7129e-06
0.72,-1.8499e-06
0.725,-1.7505e-06
0.73,-1.455e-06
0.735,-1.0214e-06
0.74,-5.9385e-07
0.745,-4.2833e-07
0.75,-6.9524e-07
0.755,-1.2672e-06
0.76,-1.7548e-06
0.765,-1.7937e-06
0.77,-1.3721e-06
0.775,-8.087e-07
0.78,-4.9251e-07
0.785,-5.4342e-07
0.79,-8.8297e-07
0.795,-1.2588e-06
0.8,-1.5307e-06
0.805,-1.7772e-06
0.81,-2.1087e-06
0.815,-2.4249e-06
0.82,-2.4177e-06
0.825,-2.1132e-06
0.83,-1.8232e-06
0.835,-1.6374e-06
0.84,-1.5629e-06
0.845,-1.4908e-06
0.85,-1.3072e-06
0.855,-1.1937e-06
0.86,-1.3009e-06
0.865,-1.527e-06
0.87,-1.6969e-06
0.875,-1.7293e-06
0.88,-1.6441e-06
0.885,-1.4888e-06
0.89,-1.5064e-06
0.895,-1.6757e-06
0.9,-1.787e-06
0.905,-1.8862e-06
0.91,-2.1178e-06
0.915,-2.541e-06
0.92,-2.8741e-06
0.925,-2.7964e-06
0.93,-2.3663e-06
0.935,-1.9731e-06
0.94,-1.8414e-06
0.945,-1.9e-06
0.95,-2.0926e-06
0.955,-2.3747e-06
0.96,-2.5515e-06
0.965,-2.5231e-06
0.97,-2.6212e-06
0.975,-2.8782e-06
0.98,-2.972e-06
0.985,-2.9387e-06
0.99,-2.8147e-06
0.995,-2.4355e-06
1,-1.9095e-06
1.005,-1.6764e-06
1.01,-1.9829e-06
1.015,-2.6097e-06
1.02,-3.0613e-06
1.025,-3.114e-06
1.03,-2.8638e-06
1.035,-2.6085e-06
1.04,-2.6256e-06
1.045,-2.8845e-06
1.05,-3.056e-06
1.055,-2.8796e-06
1.06,-2.4619e-06
1.065,-2.1859e-06
1.07,-2.1968e-06
1.075,-2.3008e-06
1.08,-2.34e-06
1.085,-2.4215e-06
1.09,-2.6846e-06
1.095,-2.9307e-06
1.1,-2.8956e-06
1.105,-2.5467e-06
1.11,-1.9819e-06
1.115,-1.5757e-06
1.12,-2.0132e-06
1.125,-3.1924e-06
1.13,-4.1159e-06
1.135,-4.0378e-06
1.14,-3.0341e-06
1.145,-1.9891e-06
1.15,-1.6501e-06
1.155,-2.0825e-06
1.16,-2.7966e-06
1.165,-3.3757e-06
1.17,-3.8471e-06
1.175,-4.0866e-06
1.18,-3.954e-06
1.185,-3.3486e-06
1.19,-2.415e-06
1.195,-1.3996e-06
1.2,-8.7545e-07
1.205,-1.1528e-06
1.21,-1.7125e-06
1.215,-2.0311e-06
1.22,-1.8842e-06
1.225,-1.3843e-06
1.23,-1.0181e-06
1.235,-1.1318e-06
1.24,-1.4863e-06
1.245,-1.7961e-06
1.25,-2.0284e-06
1.255,-2.2265e-06
1.26,-2.397e-06
1.265,-2.5125e-06
1.27,-2.5963e-06
1.275,-2.8581e-06
1.28,-3.3901e-06
1.285,-3.8676e-06
1.29,-4.054e-06
1.295,-3.9293e-06
1.3,-3.7041e-06
1.305,-3.5025e-06
1.31,-3.2892e-06
1.315,-3.2284e-06
1.32,-3.2204e-06
1.325,-2.7168e-06
1.33,-1.8227e-06
1.335,-1.2755e-06
1.34,-1.4478e-06
1.345,-2.0667e-06
1.35,-2.4569e-06
1.355,-2.4029e-06
1.36,-2.2188e-06
1.365,-2.2611e-06
1.37,-2.7861e-06
1.375,-3.6117e-06
1.38,-3.8597e-06
1.385,-3.6056e-06
1.39,-3.5103e-06
1.395,-3.9836e-06
1.4,-4.6227e-06
1.405,-4.4219e-06
1.41,-3.1443e-06
1.415,-1.7355e-06
1.42,-1.4196e-06
1.425,-2.2539e-06
1.43,-3.322e-06
1.435,-3.8252e-06
1.44,-3.5449e-06
1.445,-2.4222e-06
1.45,-9.3209e-07
1.455,-1.7162e-07
1.46,-8.9756e-07
1.465,-2.5651e-06
1.47,-3.9841e-06
1.475,-4.6425e-06
1.48,-4.5833e-06
1.485,-4.0456e-06
1.49,-3.3566e-06
1.495,-2.5645e-06
1.5,-1.7519e-06
1.505,-1.5016e-06
1.51,-1.955e-06
1.515,-3.0859e-06
1.52,-4.3399e-06
1.525,-4.6638e-06
1.53,-4.1647e-06
1.535,-3.5643e-06
1.54,-3.2427e-06
1.545,-3.2412e-06
1.55,-3.6769e-06
1.555,-4.5042e-06
1.56,-5.0763e-06
1.565,-4.73e-06
1.57,-4.2188e-06
1.575,-4.4549e-06
1.58,-5.0454e-06
1.585,-5.2083e-06
1.59,-4.8821e-06
1.595,-4.1166e-06
1.6,-3.1574e-06
1.605,-2.5359e-06
1.61,-2.495e-06
1.615,-2.8677e-06
1.62,-3.2887e-06
1.625,-3.5699e-06
1.63,-3.9689e-06
1.635,-4.8274e-06
1.64,-6.0939e-06
1.645,-6.5901e-06
1.65,-5.509e-06
1.655,-4.4934e-06
1.66,-4.7857e-06
1.665,-5.0571e-06
1.67,-4.1765e-06
1.675,-2.4393e-06
1.68,-8.7333e-07
1.685,-1.0103e-06
1.69,-2.8197e-06
1.695,-4.8088e-06
1.7,-6.2293e-06
1.705,-6.7215e-06
1.71,-6.1553e-06
1.715,-5.1674e-06
1.72,-4.1564e-06
1.725,-3.5187e-06
1.73,-3.052e-06
1.735,-1.9115e-06
1.74,-2.0268e-07
1.745,1.0002e-06
1.75,3.9631e-07
1.755,-2.1321e-06
1.76,-4.8572e-06
1.765,-5.7576e-06
1.77,-4.665e-06
1.775,-3.1049e-06
1.78,-2.8214e-06
1.785,-4.4295e-06
1.79,-6.2009e-06
1.795,-6.4403e-06
1.8,-5.5557e-06
1.805,-4.5882e-06
1.81,-4.0651e-06
1.815,-4.2612e-06
1.82,-4.8108e-06
1.825,-5.0228e-06
1.83,-4.6525e-06
1.835,-3.9938e-06
1.84,-3.4004e-06
1.845,-2.7855e-06
1.85,-2.4167e-06
1.855,-3.205e-06
1.86,-4.5095e-06
1.865,-4.9453e-06
1.87,-4.1688e-06
1.875,-3.6052e-06
1.88,-4.1324e-06
1.885,-4.9652e-06
1.89,-5.2209e-06
1.895,-4.7234e-06
1.9,-3.95e-06
1.905,-3.4861e-06
1.91,-3.8583e-06
1.915,-4.6462e-06
1.92,-4.7494e-06
1.925,-4.3018e-06
1.93,-4.0929e-06
1.935,-4.5535e-06
1.94,-5.4516e-06
1.945,-6.7891e-06
1.95,-8.7096e-06
1.955,-1.0178e-05
1.96,-9.5085e-06
1.965,-6.7699e-06
1.97,-4.1872e-06
1.975,-3.2257e-06
1.98,-3.6616e-06
1.985,-4.8713e-06
1.99,-6.2964e-06
1.995,-7.0201e-06
2,-6.3293e-06
2.005,-3.9245e-06
2.01,-1.1293e-06
2.015,1.0694e-07
2.02,-8.1477e-07
2.025,-3.0512e-06
2.03,-4.393e-06
2.035,-4.2584e-06
2.04,-3.6397e-06
2.045,-2.8758e-06
2.05,-2.2726e-06
2.055,-2.3142e-06
2.06,-3.3857e-06
2.065,-4.8747e-06
2.07,-5.6773e-06
2.075,-5.4788e-06
2.08,-5.1087e-06
2.085,-4.9621e-06
2.09,-4.3884e-06
2.095,-3.2344e-06
2.1,-1.8971e-06
2.105,-1.1024e-06
2.11,-1.4101e-06
2.115,-2.6156e-06
2.12,-4.445e-06
2.125,-6.6262e-06
2.13,-8.8845e-06
2.135,-1.0044e-05
2.14,-9.0999e-06
2.145,-6.6227e-06
2.15,-4.0329e-06
2.155,-2.2099e-06
2.16,-1.844e-06
2.165,-2.3411e-06
2.17,-2.3224e-06
2.175,-1.8863e-06
2.18,-2.4008e-06
2.185,-4.5287e-06
2.19,-7.2889e-06
2.195,-8.9035e-06
2.2,-8.7861e-06
2.205,-7.4587e-06
2.21,-5.5737e-06
2.215,-3.4893e-06
2.22,-2.0734e-06
2.225,-2.7921e-06
2.23,-4.6488e-06
2.235,-5.5951e-06
2.24,-5.1332e-06
2.245,-4.0326e-06
2.25,-3.1441e-06
2.255,-2.4178e-06
2.26,-1.9042e-06
2.265,-1.9841e-06
2.27,-2.6616e-06
2.275,-3.5206e-06
2.28,-4.1144e-06
2.285,-4.1646e-06
2.29,-3.4767e-06
2.295,-2.9955e-06
2.3,-3.2389e-06
2.305,-2.7228e-06
2.31,-5.8131e-07
2.315,2.4166e-06
2.32,3.9538e-06
2.325,2.1579e-06
2.33,-1.5394e-06
2.335,-4.9087e-06
2.34,-6.5743e-06
2.345,-5.6924e-06
2.35,-2.7668e-06
2.355,5.5838e-07
2.36,2.6072e-06
2.365,2.463e-06
2.37,8.2757e-07
2.375,-1.0906e-06
2.38,-2.7105e-06
2.385,-3.7753e-06
2.39,-4.1919e-06
2.395,-3.5023e-06
2.4,-1.7708e-06
2.405,-2.0287e-07
2.41,2.5908e-07
2.415,-1.2109e-06
2.42,-5.04e-06
2.425,-9.2483e-06
2.43,-1.1881e-05
2.435,-1.1425e-05
2.44,-8.1337e-06
2.445,-4.4791e-06
2.45,-2.9196e-06
2.455,-3.2849e-06
2.46,-4.5117e-06
2.465,-5.7e-06
2.47,-5.9035e-06
2.475,-4.7238e-06
2.48,-3.6089e-06
2.485,-4.1712e-06
2.49,-5.231e-06
2.495,-5.5019e-06
2.5,-5.9416e-06
2.505,-6.3704e-06
2.51,-5.8417e-06
2.515,-4.6285e-06
2.52,-3.6769e-06
2.525,-4.1707e-06
2.53,-6.2141e-06
2.535,-8.1388e-06
2.54,-8.1505e-06
2.545,-5.7918e-06
2.55,-2.5126e-06
2.555,-1.4187e-07
2.56,-1.987e-07
2.565,-2.332e-06
2.57,-4.1575e-06
2.575,-4.81e-06
2.58,-4.2638e-06
2.585,-3.0746e-06
2.59,-2.2033e-06
2.595,-1.7482e-06
2.6,-2.224e-06
2.605,-3.9205e-06
2.61,-6.8122e-06
2.615,-9.4395e-06
2.62,-9.6688e-06
2.625,-6.8955e-06
2.63,-3.1107e-06
2.635,-1.5416e-06
2.64,-2.7902e-06
2.645,-5.1784e-06
2.65,-7.8316e-06
2.655,-9.5219e-06
2.66,-8.4132e-06
2.665,-5.1201e-06
2.67,-2.1088e-06
2.675,-1.1147e-06
2.68,-1.8691e-06
2.685,-2.4645e-06
2.69,-1.3984e-06
2.695,8.4788e-07
2.7,2.2273e-06
2.705,1.4507e-06
2.71,-2.9798e-07
2.715,-1.8342e-06
2.72,-3.5002e-06
2.725,-5.4848e-06
2.73,-8.1424e-06
2.735,-1.072e-05
2.74,-9.9397e-06
2.745,-5.0879e-06
2.75,-3.6303e-07
2.755,8.0477e-07
2.76,-2.5617e-07
2.765,-7.6617e-08
2.77,2.1702e-06
2.775,3.8902e-06
2.78,2.9171e-06
2.785,-1.6081e-07
2.79,-2.659e-06
2.795,-3.2604e-06
2.8,-2.9411e-06
2.805,-3.5116e-06
2.81,-5.0777e-06
2.815,-6.2448e-06
2.82,-6.2584e-06
2.825,-6.2927e-06
2.83,-8.0424e-06
2.835,-1.034e-05
2.84,-1.0775e-05
2.845,-9.391e-06
2.85,-7.5061e-06
2.855,-6.4965e-06
2.86,-6.5391e-06
2.865,-7.3541e-06
2.87,-8.6452e-06
2.875,-9.2096e-06
2.88,-8.1119e-06
2.885,-5.8188e-06
2.89,-4.0607e-06
2.895,-5.591e-06
2.9,-9.5049e-06
2.905,-1.2547e-05
2.91,-1.2995e-05
2.915,-1.01e-05
2.92,-5.4375e-06
2.925,-2.4808e-06
2.93,-2.6757e-06
2.935,-5.0596e-06
2.94,-7.4702e-06
2.945,-8.6113e-06
2.95,-8.3487e-06
2.955,-7.6602e-06
2.96,-8.0313e-06
2.965,-1.0087e-05
2.97,-1.1917e-05
2.975,-1.1064e-05
2.98,-7.8189e-06
2.985,-4.8633e-06
2.99,-3.8144e-06
2.995,-3.9688e-06
3,-4.1416e-06
3.005,-4.0694e-06
3.01,-5.3979e-06
3.015,-8.407e-06
3.02,-1.0555e-05
3.025,-9.5746e-06
3.03,-5.3892e-06
3.035,-7.4244e-07
3.04,8.8458e-07
3.045,-1.7689e-07
3.05,-1.657e-06
3.055,-2.4177e-06
3.06,-2.4848e-06
3.065,-2.1712e-06
3.07,-1.3212e-06
3.075,-1.1757e-06
3.08,-3.4222e-06
3.085,-8.0365e-06
3.09,-1.1613e-05
3.095,-9.5033e-06
3.1,-2.1286e-06
3.105,5.0238e-06
3.11,8.0386e-06
3.115,7.406e-06
3.12,5.3126e-06
3.125,2.2962e-06
3.13,-1.4108e-06
3.135,-5.0165e-06
3.14,-7.0435e-06
3.145,-6.3202e-06
3.15,-6.0476e-06
3.155,-8.4266e-06
3.16,-1.104e-05
3.165,-1.1736e-05
3.17,-1.0761e-05
3.175,-8.7099e-06
3.18,-6.0336e-06
3.185,-3.3434e-06
3.19,-5.4766e-07
3.195,2.3913e-06
3.2,4.088e-06
3.205,3.5429e-06
3.21,2.0126e-06
3.215,9.4198e-07
3.22,1.0277e-06
3.225,1.6203e-06
3.23,1.555e-06
3.235,1.4197e-06
3.24,2.3652e-06
3.245,4.09e-06
3.25,3.857e-06
3.255,3.4179e-08
3.26,-4.9766e-06
3.265,-7.6102e-06
3.27,-6.6059e-06
3.275,-2.7897e-06
3.28,9.792e-07
3.285,1.2789e-06
3.29,-2.2699e-06
3.295,-5.8259e-06
3.3,-6.7875e-06
3.305,-4.9979e-06
3.31,-2.4996e-06
3.315,-6.7321e-07
3.32,4.9945e-07
3.325,1.6461e-06
3.33,3.335e-06
3.335,4.3338e-06
3.34,3.7612e-06
3.345,3.3614e-06
3.35,3.7816e-06
3.355,3.3233e-06
3.36,5.7669e-07
3.365,-3.1573e-06
3.37,-4.3445e-06
3.375,-1.4556e-06
3.38,3.3949e-06
3.385,5.3369e-06
3.39,1.7057e-06
3.395,-5.0738e-06
3.4,-9.1588e-06
3.405,-7.6408e-06
3.41,-2.2041e-06
3.415,2.9332e-06
3.42,4.2783e-06
3.425,1.3386e-06
3.43,-2.2241e-06
3.435,-2.2604e-06
3.44,1.1829e-06
3.445,3.7808e-06
3.45,2.6899e-06
3.455,-6.5459e-07
3.46,-3.4674e-06
3.465,-4.2001e-06
3.47,-3.0483e-06
3.475,-8.9555e-07
3.48,-8.8296e-07
3.485,-4.2804e-06
3.49,-7.1862e-06
3.495,-6.6901e-06
3.5,-4.556e-06
3.505,-3.2768e-06
3.51,-3.722e-06
3.515,-4.0579e-06
3.52,-2.9779e-06
3.525,-2.3447e-06
3.53,-3.8339e-06
3.535,-6.1116e-06
3.54,-6.5469e-06
3.545,-3.6397e-06
3.55,1.6478e-06
3.555,5.5892e-06
3.56,4.4434e-06
3.565,-2.296e-06
3.57,-9.889e-06
3.575,-1.3354e-05
3.58,-1.0653e-05
3.585,-4.0858e-06
3.59,1.0079e-06
3.595,-2.6856e-07
3.6,-5.3356e-06
3.605,-8.4011e-06
3.61,-9.0187e-06
3.615,-8.2854e-06
3.62,-6.3752e-06
3.625,-3.7332e-06
3.63,-1.3306e-06
3.635,-1.5292e-07
3.64,-8.8325e-07
3.645,-1.7943e-06
3.65,-1.4737e-06
3.655,-1.317e-06
3.66,-1.8784e-06
3.665,-1.4524e-06
3.67,-2.1929e-08
3.675,-8.822e-07
3.68,-5.0436e-06
3.685,-8.9303e-06
3.69,-9.2708e-06
3.695,-6.7768e-06
3.7,-2.705e-06
3.705,1.999e-06
3.71,4.1926e-06
3.715,1.7638e-06
3.72,-3.0484e-06
3.725,-6.9657e-06
3.73,-7.9329e-06
3.735,-5.3938e-06
3.74,4.2437e-07
3.745,6.2843e-06
3.75,7.3804e-06
3.755,3.5211e-06
3.76,-1.3828e-06
3.765,-3.6236e-06
3.77,-1.6033e-06
3.775,3.3811e-06
3.78,7.6264e-06
3.785,8.8405e-06
3.79,6.2308e-06
3.795,1.5831e-06
3.8,-1.0647e-06
3.805,-3.9986e-07
3.81,1.5891e-06
3.815,2.4513e-06
3.82,9.5211e-07
3.825,-8.5868e-07
3.83,-1.0675e-06
3.835,-1.1639e-06
3.84,-2.8736e-06
3.845,-4.8289e-06
3.85,-4.1735e-06
3.855,-1.9749e-06
3.86,-1.435e-06
3.865,-2.5007e-06
3.87,-2.427e-06
3.875,-1.2233e-06
3.88,-1.8641e-07
3.885,1.0152e-06
3.89,1.52e-06
3.895,4.7005e-07
3.9,-2.0994e-06
3.905,-5.6098e-06
3.91,-8.7847e-06
3.915,-1.0631e-05
3.92,-1.0969e-05
3.925,-1.0032e-05
3.93,-6.5851e-06
3.935,-9.9608e-08
3.94,6.9174e-06
3.945,9.9182e-06
3.95,8.301e-06
3.955,4.8937e-06
3.96,1.8394e-06
3.965,-6.8943e-07
3.97,-2.4595e-06
3.975,-2.6493e-06
3.98,-1.3503e-06
3.985,4.6881e-07
3.99,1.7525e-06
3.995,2.1213e-06
4,1.4403e-06
4.005,-1.5934e-06
4.01,-6.4253e-06
4.015,-9.5531e-06
4.02,-9.7086e-06
4.025,-9.1834e-06
4.03,-8.5421e-06
4.035,-6.6483e-06
4.04,-4.2647e-06
4.045,-2.128e-06
4.05,6.4658e-07
4.055,3.7279e-06
4.06,5.0486e-06
4.065,2.4723e-06
4.07,-1.3984e-06
4.075,-2.5787e-06
4.08,-7.2968e-07
4.085,1.8906e-06
4.09,1.9794e-06
4.095,-2.1231e-06
4.1,-7.3593e-06
4.105,-9.6425e-06
4.11,-6.6107e-06
4.115,9.002e-07
4.12,7.8391e-06
4.125,9.1471e-06
4.13,5.1131e-06
4.135,2.7075e-07
4.14,-2.0104e-06
4.145,-2.1214e-06
4.15,-1.223e-06
4.155,1.3482e-06
4.16,5.63e-06
4.165,9.5824e-06
4.17,1.2575e-05
4.175,1.4868e-05
4.18,1.5312e-05
4.185,1.1555e-05
4.19,6.4889e-06
4.195,5.037e-06
4.2,6.8505e-06
4.205,9.6294e-06
4.21,1.1449e-05
4.215,1.0304e-05
4.22,7.1257e-06
4.225,4.2483e-06
4.23,1.8762e-06
4.235,8.7306e-07
4.24,9.6267e-07
4.245,2.0741e-06
4.25,3.8609e-06
4.255,4.8279e-06
4.26,3.2467e-06
4.265,-7.9209e-07
4.27,-4.5065e-06
4.275,-5.9576e-06
4.28,-4.8535e-06
4.285,-1.6591e-06
4.29,2.8302e-06
4.295,6.7444e-06
4.3,7.813e-06
4.305,4.9883e-06
4.31,-4.7229e-07
4.315,-5.0812e-06
4.32,-7.9024e-06
4.325,-9.3038e-06
4.33,-8.3417e-06
4.335,-4.8522e-06
4.34,-1.0706e-06
4.345,2.127e-06
4.35,4.8627e-06
4.355,7.1052e-06
4.36,7.3639e-06
4.365,5.17e-06
4.37,2.6934e-06
4.375,2.6295e-06
4.38,4.6704e-06
4.385,5.0346e-06
4.39,9.5458e-07
4.395,-4.8884e-06
4.4,-8.3955e-06
4.405,-8.9606e-06
4.41,-8.6842e-06
4.415,-7.646e-06
4.42,-3.869e-06
4.425,1.1795e-06
4.43,5.059e-06
4.435,5.2185e-06
4.44,3.0306e-06
4.445,1.9096e-06
4.45,2.8937e-06
4.455,5.7468e-06
4.46,8.3716e-06
4.465,7.679e-06
4.47,2.9375e-06
4.475,-2.9166e-06
4.48,-5.0404e-06
4.485,-2.7876e-06
4.49,7.2772e-07
4.495,2.4083e-06
4.5,1.9269e-06
4.505,1.1084e-06
4.51,4.0804e-07
4.515,3.9992e-07
4.52,2.2535e-06
4.525,4.8726e-06
4.53,7.9772e-06
4.535,1.0694e-05
4.54,9.9059e-06
4.545,4.9776e-06
4.55,-3.3254e-07
4.555,-1.1005e-06
4.56,2.7159e-06
4.565,7.2144e-06
4.57,9.5038e-06
4.575,1.1137e-05
4.58,1.3617e-05
4.585,1.4665e-05
4.59,1.0587e-05
4.595,3.2879e-06
4.6,-1.0116e-06
4.605,-1.0811e-06
4.61,-1.0301e-06
4.615,-2.1112e-06
4.62,-2.4035e-06
4.625,-1.5349e-06
4.63,1.445e-08
4.635,2.0362e-06
4.64,4.0243e-06
4.645,5.6478e-06
4.65,7.4593e-06
4.655,9.132e-06
4.66,9.6614e-06
4.665,9.4854e-06
4.67,8.3485e-06
4.675,7.1367e-06
4.68,6.6769e-06
4.685,5.2352e-06
4.69,7.314e-07
4.695,-5.2115e-06
4.7,-8.1925e-06
4.705,-6.7539e-06
4.71,-2.6746e-06
4.715,9.1519e-07
4.72,2.5986e-06
4.725,3.3015e-06
4.73,4.2316e-06
4.735,6.8923e-06
4.74,1.2043e-05
4.745,1.6511e-05
4.75,1.5434e-05
4.755,8.4498e-06
4.76,6.8229e-07
4.765,-2.3663e-06
4.77,1.1287e-06
4.775,8.62e-06
4.78,1.4332e-05
4.785,1.3803e-05
4.79,8.1309e-06
4.795,1.3663e-06
4.8,-3.6202e-06
4.805,-5.8306e-06
4.81,-5.5467e-06
4.815,-2.1028e-06
4.82,3.4778e-06
4.825,7.9747e-06
4.83,8.4724e-06
4.835,5.7647e-06
4.84,3.143e-06
4.845,2.7546e-06
4.85,4.3546e-06
4.855,5.9994e-06
4.86,4.497e-06
4.865,-2.1564e-07
4.87,-3.9094e-06
4.875,-3.2073e-06
4.88,1.4039e-06
4.885,7.3701e-06
4.89,1.0674e-05
4.895,9.7289e-06
4.9,6.7657e-06
4.905,4.6299e-06
4.91,4.5066e-06
4.915,5.7451e-06
4.92,7.2726e-06
4.925,9.099e-06
4.93,1.0884e-05
4.935,1.2309e-05
4.94,1.2748e-05
4.945,1.1555e-05
4.95,9.0671e-06
4.955,5.6708e-06
4.96,2.8039e-06
4.965,1.948e-06
4.97,2.0527e-06
4.975,1.6028e-06
4.98,2.2568e-06
4.985,6.1599e-06
4.99,1.1926e-05
4.995,1.4803e-05
5,1.2605e-05
5.005,7.8022e-06
5.01,2.9528e-06
5.015,-8.1092e-07
5.02,-3.0254e-06
5.025,-2.7038e-06
5.03,3.0824e-07
5.035,4.0662e-06
5.04,4.8096e-06
5.045,2.7398e-06
5.05,2.4411e-06
5.055,6.0137e-06
5.06,8.5404e-06
5.065,5.1448e-06
5.07,-9.3452e-07
5.075,-2.6294e-06
5.08,2.145e-06
5.085,1.0876e-05
5.09,1.8074e-05
5.095,1.9036e-05
5.1,1.3672e-05
5.105,7.4524e-06
5.11,6.1854e-06
5.115,1.0041e-05
5.12,1.2952e-05
5.125,8.3272e-06
5.13,-2.0213e-06
5.135,-1.036e-05
5.14,-1.0933e-05
5.145,-4.3917e-06
5.15,2.9937e-06
5.155,5.8846e-06
5.16,4.5101e-06
5.165,1.7445e-06
5.17,6.3017e-07
5.175,3.5546e-06
5.18,9.7417e-06
5.185,1.5087e-05
5.19,1.6116e-05
5.195,1.2941e-05
5.2,7.532e-06
5.205,3.0867e-06
5.21,2.2024e-06
5.215,5.451e-06
5.22,1.0402e-05
5.225,1.4136e-05
5.23,1.3664e-05
5.235,7.5977e-06
5.24,-6.5017e-08
5.245,-4.5925e-06
5.25,-4.7258e-06
5.255,-6.6823e-07
5.26,4.5153e-06
5.265,7.0212e-06
5.27,4.1902e-06
5.275,-3.3921e-07
5.28,-9.9193e-07
5.285,2.7117e-06
5.29,7.8547e-06
5.295,1.2292e-05
5.3,1.571e-05
5.305,1.771e-05
5.31,1.6442e-05
5.315,1.1969e-05
5.32,7.3198e-06
5.325,4.845e-06
5.33,4.2911e-06
5.335,5.5693e-06
5.34,8.1655e-06
5.345,1.0236e-05
5.35,1.0874e-05
5.355,1.1342e-05
5.36,1.3034e-05
5.365,1.4664e-05
5.37,1.4516e-05
5.375,1.3344e-05
5.38,1.1992e-05
5.385,9.5561e-06
5.39,6.7039e-06
5.395,6.1093e-06
5.4,8.1393e-06
5.405,1.0461e-05
5.41,1.1162e-05
5.415,1.0121e-05
5.42,8.5097e-06
5.425,7.2428e-06
5.43,5.8596e-06
5.435,4.5523e-06
5.44,4.1858e-06
5.445,4.1485e-06
5.45,3.9484e-06
5.455,3.347e-06
5.46,2.9545e-06
5.465,3.8096e-06
5.47,5.9607e-06
5.475,9.4563e-06
5.48,1.3469e-05
5.485,1.4406e-05
5.49,1.0013e-05
5.495,5.6565e-06
5.5,3.3476e-06
5.505,1.9091e-06
5.51,2.2519e-06
5.515,5.3661e-06
5.52,9.6268e-06
5.525,1.113e-05
5.53,9.5944e-06
5.535,9.2621e-06
5.54,1.1598e-05
5.545,1.3563e-05
5.55,1.1918e-05
5.555,6.3575e-06
5.56,5.6484e-08
5.565,-3.2577e-06
5.57,-3.973e-06
5.575,-5.0951e-06
5.58,-6.6076e-06
5.585,-5.5942e-06
5.59,7.8726e-08
5.595,8.3215e-06
5.6,1.6009e-05
5.605,1.908e-05
5.61,1.6369e-05
5.615,1.1777e-05
5.62,8.0702e-06
5.625,5.7894e-06
5.63,4.3394e-06
5.635,3.6498e-06
5.64,4.1521e-06
5.645,4.7443e-06
5.65,4.764e-06
5.655,4.0503e-06
5.66,3.254e-06
5.665,2.933e-06
5.67,4.3723e-06
5.675,7.5782e-06
5.68,1.0667e-05
5.685,1.3117e-05
5.69,1.508e-05
5.695,1.477e-05
5.7,1.1876e-05
5.705,9.2884e-06
5.71,7.6767e-06
5.715,5.6304e-06
5.72,3.6734e-06
5.725,3.439e-06
5.73,4.9828e-06
5.735,6.0421e-06
5.74,4.6348e-06
5.745,1.4506e-06
5.75,-2.778e-07
5.755,2.1802e-06
5.76,6.7783e-06
5.765,1.0758e-05
5.77,1.3046e-05
5.775,1.3624e-05
5.78,1.1186e-05
5.785,6.701e-06
5.79,4.6593e-06
5.795,6.5199e-06
5.8,9.4573e-06
5.805,8.5123e-06
5.81,2.0007e-06
5.815,-5.4903e-06
5.82,-7.0467e-06
5.825,-1.9376e-06
5.83,6.0844e-06
5.835,1.2587e-05
5.84,1.495e-05
5.845,1.409e-05
5.85,1.0104e-05
5.855,3.8962e-06
5.86,-5.8302e-07
5.865,2.0822e-07
5.87,7.9325e-06
5.875,1.805e-05
5.88,2.4165e-05
5.885,2.4425e-05
5.89,1.9757e-05
5.895,1.112e-05
5.9,1.5337e-06
5.905,-3.5821e-06
5.91,-1.0061e-06
5.915,6.4435e-06
5.92,1.2788e-05
5.925,1.4389e-05
5.93,1.0834e-05
5.935,4.4375e-06
5.94,-9.8791e-07
5.945,-1.1103e-06
5.95,4.9606e-06
5.955,1.261e-05
5.96,1.628e-05
5.965,1.3789e-05
5.97,8.056e-06
5.975,4.1659e-06
5.98,5.3745e-06
5.985,1.09e-05
5.99,1.6105e-05
5.995,1.6959e-05
6,1.2504e-05
6.005,5.0796e-06
6.01,-1.5389e-06
6.015,-4.6556e-06
6.02,-3.2323e-06
6.025,1.38e-06
6.03,5.4763e-06
6.035,6.9101e-06
6.04,5.558e-06
6.045,2.3867e-06
6.05,-6.9242e-07
6.055,-1.2731e-06
6.06,1.2846e-06
6.065,4.4775e-06
6.07,6.3461e-06
6.075,7.1321e-06
6.08,7.6582e-06
6.085,8.3254e-06
6.09,8.9787e-06
6.095,9.3757e-06
6.1,9.4199e-06
6.105,9.2597e-06
6.11,9.0579e-06
6.115,9.1684e-06
6.12,1.0223e-05
6.125,1.0429e-05
6.13,6.7196e-06
6.135,5.3184e-07
6.14,-1.8142e-06
6.145,3.7741e-06
6.15,1.263e-05
6.155,1.9284e-05
6.16,2.0979e-05
6.165,1.6523e-05
6.17,8.6509e-06
6.175,4.3313e-06
6.18,6.1913e-06
6.185,9.361e-06
6.19,9.0744e-06
6.195,5.5776e-06
6.2,6.4246e-07
6.205,-3.3816e-06
6.21,-2.9155e-06
6.215,1.3835e-06
6.22,5.8418e-06
6.225,7.6831e-06
6.23,7.9775e-06
6.235,8.7089e-06
6.24,9.8031e-06
6.245,1.0259e-05
6.25,8.847e-06
6.255,6.0038e-06
6.26,2.4071e-06
6.265,8.2222e-07
6.27,3.1545e-06
6.275,7.0724e-06
6.28,7.9571e-06
6.285,5.3369e-06
6.29,2.7627e-06
6.295,2.3339e-06
6.3,6.0051e-06
6.305,1.3039e-05
6.31,1.8633e-05
6.315,1.9059e-05
6.32,1.5193e-05
6.325,1.1358e-05
6.33,1.0053e-05
6.335,1.0415e-05
6.34,1.0779e-05
6.345,1.0142e-05
6.35,7.9922e-06
6.355,5.0477e-06
6.36,1.8434e-06
6.365,5.0096e-07
6.37,1.6159e-06
6.375,2.8972e-06
6.38,3.4781e-06
6.385,3.4905e-06
6.39,4.6913e-06
6.395,7.6023e-06
6.4,1.0241e-05
6.405,1.0157e-05
6.41,7.3474e-06
6.415,2.7984e-06
6.42,-8.0335e-07
6.425,-5.7389e-07
6.43,3.1651e-06
6.435,7.7659e-06
6.44,1.0659e-05
6.445,1.1144e-05
6.45,9.8742e-06
6.455,7.5955e-06
6.46,6.7073e-06
6.465,8.7738e-06
6.47,1.0527e-05
6.475,1.131e-05
6.48,1.2422e-05
6.485,1.3808e-05
6.49,1.3776e-05
6.495,1.2371e-05
6.5,1.1058e-05
6.505,1.0356e-05
6.51,1.1016e-05
6.515,1.229e-05
6.52,1.2818e-05
6.525,1.2899e-05
6.53,1.2609e-05
6.535,1.1006e-05
6.54,1.0091e-05
6.545,1.017e-05
6.55,9.759e-06
6.555,8.5624e-06
6.56,6.2177e-06
6.565,3.1603e-06
6.57,2.3037e-06
6.575,4.4704e-06
6.58,5.7658e-06
6.585,4.6087e-06
6.59,3.1011e-06
6.595,2.6047e-06
6.6,4.3026e-06
6.605,7.763e-06
6.61,1.0468e-05
6.615,1.005e-05
6.62,7.2413e-06
6.625,4.9671e-06
6.63,4.9055e-06
6.635,6.6054e-06
6.64,8.5257e-06
6.645,9.3238e-06
6.65,7.9938e-06
6.655,5.6108e-06
6.66,4.3893e-06
6.665,5.3855e-06
6.67,8.5637e-06
6.675,1.2197e-05
6.68,1.4923e-05
6.685,1.6656e-05
6.69,1.6248e-05
6.695,1.1573e-05
6.7,4.8955e-06
6.705,1.557e-06
6.71,1.489e-06
6.715,2.4521e-06
6.72,3.5123e-06
6.725,2.65e-06
6.73,-1.6206e-07
6.735,-6.8227e-07
6.74,3.7278e-06
6.745,9.1115e-06
6.75,1.0024e-05
6.755,5.8861e-06
6.76,1.0788e-06
6.765,3.1905e-07
6.77,6.0485e-06
6.775,1.6086e-05
6.78,2.2558e-05
6.785,2.1126e-05
6.79,1.6496e-05
6.795,1.4554e-05
6.8,1.5877e-05
6.805,1.6029e-05
6.81,1.1883e-05
6.815,6.7749e-06
6.82,4.5561e-06
6.825,4.1763e-06
6.83,2.0369e-06
6.835,-2.0697e-06
6.84,-4.3694e-06
6.845,-2.4645e-06
6.85,1.7081e-06
6.855,6.4014e-06
6.86,1.119e-05
6.865,1.4172e-05
6.87,1.2962e-05
6.875,8.6337e-06
6.88,4.8274e-06
6.885,3.8681e-06
6.89,5.2187e-06
6.895,6.2052e-06
6.9,5.7899e-06
6.905,5.1838e-06
6.91,5.4763e-06
6.915,6.427e-06
6.92,6.4064e-06
6.925,5.4899e-06
6.93,6.2185e-06
6.935,9.7927e-06
6.94,1.3676e-05
6.945,1.4737e-05
6.95,1.2347e-05
6.955,7.6796e-06
6.96,3.0767e-06
6.965,-1.0565e-06
6.97,-5.1481e-06
6.975,-5.9542e-06
6.98,-1.6134e-06
6.985,5.0636e-06
6.99,1.0245e-05
6.995,1.2638e-05
7,1.1762e-05
7.005,8.2078e-06
7.01,2.5181e-06
7.015,-4.2887e-06
7.02,-8.3152e-06
7.025,-7.5989e-06
7.03,-3.8418e-06
7.035,1.6443e-06
7.04,7.0506e-06
7.045,9.4811e-06
7.05,9.472e-06
7.055,8.8676e-06
7.06,7.2843e-06
7.065,4.0016e-06
7.07,7.3602e-08
7.075,-1.9574e-06
7.08,-1.8074e-06
7.085,-1.5168e-06
7.09,6.2053e-07
7.095,5.398e-06
7.1,8.8453e-06
7.105,7.6854e-06
7.11,3.1193e-06
7.115,4.6936e-07
7.12,2.2761e-06
7.125,5.499e-06
7.13,7.1465e-06
7.135,6.9623e-06
7.14,5.3255e-06
7.145,3.6469e-06
7.15,3.3458e-06
7.155,3.4935e-06
7.16,2.8234e-06
7.165,2.8676e-06
7.17,3.9725e-06
7.175,5.5824e-06
7.18,9.1126e-06
7.185,1.3078e-05
7.19,1.2578e-05
7.195,7.2804e-06
7.2,9.5771e-07
7.205,-3.1451e-06
7.21,-3.1131e-06
7.215,6.0813e-07
7.22,5.6869e-06
7.225,1.0563e-05
7.23,1.4544e-05
7.235,1.6386e-05
7.24,1.5897e-05
7.245,1.2927e-05
7.25,8.5483e-06
7.255,5.2986e-06
7.26,4.34e-06
7.265,4.3408e-06
7.27,4.4873e-06
7.275,6.0553e-06
7.28,8.7908e-06
7.285,1.0554e-05
7.29,9.1184e-06
7.295,4.6541e-06
7.3,5.6902e-07
7.305,-8.7647e-09
7.31,2.8161e-06
7.315,6.2287e-06
7.32,5.9911e-06
7.325,1.828e-06
7.33,-1.3734e-06
7.335,-1.8976e-06
7.34,-6.33e-07
7.345,1.7695e-06
7.35,3.7592e-06
7.355,5.6421e-06
7.36,7.8522e-06
7.365,9.0689e-06
7.37,7.0688e-06
7.375,4.1544e-06
7.38,4.6791e-06
7.385,8.5411e-06
7.39,1.3012e-05
7.395,1.5419e-05
7.4,1.5177e-05
7.405,1.2092e-05
7.41,6.5547e-06
7.415,1.6716e-06
7.42,3.365e-07
7.425,2.7952e-06
7.43,7.3535e-06
7.435,9.9394e-06
7.44,6.8937e-06
7.445,9.325e-07
7.45,-2.1091e-06
7.455,8.6796e-07
7.46,7.4654e-06
7.465,1.3473e-05
7.47,1.6028e-05
7.475,1.5432e-05
7.48,1.3032e-05
7.485,9.0938e-06
7.49,5.032e-06
7.495,2.5999e-06
7.5,7.0393e-07
7.505,-7.7557e-07
7.51,-9.1448e-08
7.515,3.7827e-06
7.52,9.0506e-06
7.525,1.3226e-05
7.53,1.4791e-05
7.535,1.4244e-05
7.54,1.2863e-05
7.545,1.1723e-05
7.55,1.0277e-05
7.555,9.0727e-06
7.56,9.9832e-06
7.565,1.3061e-05
7.57,1.6449e-05
7.575,1.711e-05
7.58,1.2938e-05
7.585,5.0961e-06
7.59,-2.2322e-06
7.595,-4.2584e-06
7.6,-8.0042e-07
7.605,6.039e-06
7.61,1.2595e-05
7.615,1.4947e-05
7.62,1.2312e-05
7.625,5.7725e-06
7.63,4.3939e-07
7.635,9.2453e-07
7.64,4.8658e-06
7.645,7.3023e-06
7.65,4.8448e-06
7.655,-1.0235e-06
7.66,-4.248e-06
7.665,-2.9051e-06
7.67,2.759e-07
7.675,4.7634e-06
7.68,9.4074e-06
7.685,1.0718e-05
7.69,8.2066e-06
7.695,4.5608e-06
7.7,1.483e-06
7.705,-1.2449e-06
7.71,-4.3837e-06
7.715,-6.216e-06
7.72,-4.4074e-06
7.725,3.8345e-07
7.73,5.607e-06
7.735,9.7117e-06
7.74,1.1351e-05
7.745,7.9155e-06
7.75,-1.0243e-07
7.755,-6.2488e-06
7.76,-6.4058e-06
7.765,-1.6033e-06
7.77,6.3953e-06
7.775,1.3613e-05
7.78,1.5773e-05
7.785,1.179e-05
7.79,5.0174e-06
7.795,-8.6676e-07
7.8,-5.2879e-06
7.805,-8.1244e-06
7.81,-8.4144e-06
7.815,-4.5696e-06
7.82,2.044e-06
7.825,6.7057e-06
7.83,7.2888e-06
7.835,5.1874e-06
7.84,9.474e-07
7.845,-5.3072e-06
7.85,-1.1864e-05
7.855,-1.63e-05
7.86,-1.6362e-05
7.865,-1.0735e-05
7.87,1.8097e-07
7.875,1.1432e-05
7.88,1.6723e-05
7.885,1.37e-05
7.89,5.3765e-06
7.895,-1.9138e-06
7.9,-4.3591e-06
7.905,-1.4211e-06
7.91,3.4383e-06
7.915,6.2249e-06
7.92,5.4824e-06
7.925,2.9736e-06
7.93,1.9202e-06
7.935,3.9984e-06
7.94,6.8374e-06
7.945,7.6741e-06
7.95,6.7099e-06
7.955,5.4389e-06
7.96,5.2271e-06
7.965,6.7216e-06
7.97,7.9976e-06
7.975,7.3697e-06
7.98,5.7677e-06
7.985,4.4621e-06
7.99,3.3194e-06
7.995,2.1977e-06
8,1.1297e-06
8.005,6.6615e-07
8.01,1.6761e-06
8.015,3.7728e-06
8.02,6.0697e-06
8.025,8.6251e-06
8.03,1.1876e-05
8.035,1.4974e-05
8.04,1.6093e-05
8.045,1.4983e-05
8.05,1.2551e-05
8.055,9.9513e-06
8.06,9.8235e-06
8.065,1.1963e-05
8.07,1.4135e-05
8.075,1.3863e-05
8.08,8.4912e-06
8.085,-1.1923e-06
8.09,-8.944e-06
8.095,-9.6519e-06
8.1,-4.9227e-06
8.105,8.3229e-07
8.11,4.5821e-06
8.115,5.2639e-06
8.12,5.6786e-06
8.125,6.6843e-06
8.13,6.8855e-06
8.135,5.7526e-06
8.14,2.1465e-06
8.145,-3.2221e-06
8.15,-7.3656e-06
8.155,-7.6002e-06
8.16,-4.5736e-06
8.165,-3.2998e-07
8.17,4.4369e-06
8.175,8.6384e-06
8.18,1.1242e-05
8.185,1.0773e-05
8.19,7.3106e-06
8.195,2.4807e-06
8.2,-1.9513e-06
8.205,-3.6852e-06
8.21,-1.6151e-06
8.215,3.576e-06
8.22,8.8673e-06
8.225,1.1114e-05
8.23,1.0051e-05
8.235,8.3704e-06
8.24,7.9732e-06
8.245,9.3362e-06
8.25,1.1696e-05
8.255,1.2129e-05
8.26,1.0726e-05
8.265,1.073e-05
8.27,1.1491e-05
8.275,1.1382e-05
8.28,1.0177e-05
8.285,8.1216e-06
8.29,5.6353e-06
8.295,1.7616e-06
8.3,-1.9915e-06
8.305,-1.8727e-06
8.31,2.2099e-06
8.315,6.9301e-06
8.32,1.012e-05
8.325,1.1148e-05
8.33,1.0872e-05
8.335,1.0002e-05
8.34,8.4577e-06
8.345,6.1407e-06
8.35,2.0148e-06
8.355,-2.1746e-06
8.36,-1.9597e-06
8.365,4.3458e-06
8.37,1.1248e-05
8.375,1.3131e-05
8.38,1.0702e-05
8.385,6.5658e-06
8.39,3.8704e-06
8.395,3.7721e-06
8.4,4.1337e-06
8.405,4.4655e-06
8.41,5.4051e-06
8.415,6.849e-06
8.42,6.0875e-06
8.425,2.5916e-06
8.43,-4.8007e-07
8.435,-8.4216e-07
8.44,1.4475e-06
8.445,5.2712e-06
8.45,8.7427e-06
8.455,1.0493e-05
8.46,9.0886e-06
8.465,3.988e-06
8.47,-2.2176e-06
8.475,-4.2649e-06
8.48,9.5743e-07
8.485,8.1331e-06
8.49,1.0142e-05
8.495,7.5664e-06
8.5,5.5217e-06
8.505,6.073e-06
8.51,8.579e-06
8.515,1.1539e-05
8.52,1.2661e-05
8.525,1.0331e-05
8.53,4.0839e-06
8.535,-2.8425e-06
8.54,-5.5544e-06
8.545,-2.3873e-06
8.55,2.5602e-06
8.555,3.9716e-06
8.56,1.8191e-06
8.565,-5.4233e-07
8.57,-4.7433e-07
8.575,2.635e-06
8.58,6.4325e-06
8.585,7.2797e-06
8.59,5.7519e-06
8.595,4.2953e-06
8.6,3.7968e-06
8.605,3.8807e-06
8.61,3.9616e-06
8.615,3.7792e-06
8.62,3.4787e-06
8.625,2.8281e-06
8.63,4.7911e-07
8.635,-1.7471e-06
8.64,-1.4429e-06
8.645,1.5873e-07
8.65,2.0921e-06
8.655,3.0288e-06
8.66,2.4418e-06
8.665,1.5088e-06
8.67,1.3507e-06
8.675,1.6644e-06
8.68,-2.3509e-08
8.685,-4.3552e-06
8.69,-8.6088e-06
8.695,-9.3819e-06
8.7,-5.7472e-06
8.705,-1.6369e-07
8.71,4.4061e-06
8.715,7.1949e-06
8.72,7.6153e-06
8.725,3.2577e-06
8.73,-2.3385e-06
8.735,-1.854e-06
8.74,5.4181e-06
8.745,1.2906e-05
8.75,1.4686e-05
8.755,1.0988e-05
8.76,7.6491e-06
8.765,8.6055e-06
8.77,1.2061e-05
8.775,1.2605e-05
8.78,7.3963e-06
8.785,4.0845e-07
8.79,-1.8069e-06
8.795,-3.0484e-07
8.8,1.0444e-07
8.805,-6.7155e-07
8.81,-2.3856e-06
8.815,-4.3377e-06
8.82,-5.426e-06
8.825,-4.8643e-06
8.83,-2.453e-06
8.835,4.4788e-07
8.84,1.7792e-06
8.845,2.145e-06
8.85,2.7295e-06
8.855,2.3772e-06
8.86,1.1487e-06
8.865,1.4707e-06
8.87,4.8586e-06
8.875,9.9227e-06
8.88,1.3918e-05
8.885,1.4012e-05
8.89,9.1261e-06
8.895,2.1559e-06
8.9,-2.6132e-06
8.905,-4.3857e-06
8.91,-5.2313e-06
8.915,-7.3322e-06
8.92,-9.2086e-06
8.925,-7.8374e-06
8.93,-2.1623e-06
8.935,5.8793e-06
8.94,1.2549e-05
8.945,1.4681e-05
8.95,1.2687e-05
8.955,8.8857e-06
8.96,5.1283e-06
8.965,2.5611e-06
8.97,1.6578e-06
8.975,3.0812e-06
8.98,6.4845e-06
8.985,9.2314e-06
8.99,8.9795e-06
8.995,6.0472e-06
9,2.5934e-06
9.005,1.1756e-07
9.01,-2.7845e-06
9.015,-6.6821e-06
9.02,-8.677e-06
9.025,-5.6361e-06
9.03,1.9704e-06
9.035,1.002e-05
9.04,1.3747e-05
9.045,1.1753e-05
9.05,7.475e-06
9.055,4.2766e-06
9.06,2.8404e-06
9.065,2.6064e-06
9.07,3.6221e-06
9.075,4.8535e-06
9.08,3.9432e-06
9.085,1.1991e-06
9.09,1.1991e-07
9.095,2.6742e-06
9.1,6.4649e-06
9.105,8.1283e-06
9.11,7.6071e-06
9.115,6.0681e-06
9.12,4.3738e-06
9.125,3.8535e-06
9.13,4.2094e-06
9.135,3.1376e-06
9.14,4.5337e-07
9.145,-1.775e-06
9.15,-2.4835e-06
9.155,-3.6274e-06
9.16,-5.6602e-06
9.165,-7.2721e-06
9.17,-7.0765e-06
9.175,-4.632e-06
9.18,-1.0144e-06
9.185,3.0919e-06
9.19,7.1023e-06
9.195,8.963e-06
9.2,6.5799e-06
9.205,1.2422e-06
9.21,-3.857e-06
9.215,-4.9919e-06
9.22,-1.0509e-06
9.225,3.6741e-06
9.23,6.2046e-06
9.235,7.2071e-06
9.24,6.4784e-06
9.245,1.6907e-06
9.25,-3.2376e-06
9.255,-3.0441e-06
9.26,-6.7016e-07
9.265,-2.7561e-07
9.27,-2.9107e-06
9.275,-8.0991e-06
9.28,-1.3263e-05
9.285,-1.5162e-05
9.29,-1.1448e-05
9.295,-3.8207e-06
9.3,2.7268e-06
9.305,4.1662e-06
9.31,1.0078e-06
9.315,-3.5889e-06
9.32,-6.3326e-06
9.325,-5.3448e-06
9.33,-1.3553e-06
9.335,1.1417e-06
9.34,-3.1579e-07
9.345,-3.7768e-06
9.35,-5.1573e-06
9.355,-2.54e-06
9.36,2.6959e-06
9.365,8.0869e-06
9.37,1.0471e-05
9.375,8.6684e-06
9.38,4.5835e-06
9.385,1.5119e-06
9.39,-5.9411e-07
9.395,-6.7164e-07
9.4,1.5186e-06
9.405,2.4578e-06
9.41,-1.2444e-07
9.415,-4.089e-06
9.42,-5.8505e-06
9.425,-4.1636e-06
9.43,2.077e-07
9.435,4.7005e-06
9.44,7.4169e-06
9.445,7.8181e-06
9.45,6.713e-06
9.455,3.9878e-06
9.46,-9.021e-07
9.465,-6.4288e-06
9.47,-9.223e-06
9.475,-6.46e-06
9.48,1.1067e-06
9.485,1.0324e-05
9.49,1.6783e-05
9.495,1.7102e-05
9.5,1.2537e-05
9.505,6.4489e-06
9.51,5.5403e-07
9.515,-3.6004e-06
9.52,-4.7711e-06
9.525,-3.1574e-06
9.53,5.9913e-07
9.535,5.2318e-06
9.54,8.0355e-06
9.545,7.0317e-06
9.55,2.3343e-06
9.555,-3.0597e-06
9.56,-5.8956e-06
9.565,-6.1779e-06
9.57,-5.5233e-06
9.575,-6.2617e-06
9.58,-7.9843e-06
9.585,-8.0173e-06
9.59,-5.3486e-06
9.595,-3.4606e-07
9.6,5.277e-06
9.605,8.3191e-06
9.61,5.9579e-06
9.615,-6.1507e-07
9.62,-5.712e-06
9.625,-5.683e-06
9.63,-1.9873e-06
9.635,2.4696e-06
9.64,4.3393e-06
9.645,3.3472e-06
9.65,8.0577e-07
9.655,-9.165e-07
9.66,-7.455e-07
9.665,-7.2327e-07
9.67,-1.8228e-06
9.675,-2.9189e-06
9.68,-2.9295e-06
9.685,-2.1096e-06
9.69,-2.1107e-06
9.695,-3.3426e-06
9.7,-5.2067e-06
9.705,-6.5419e-06
9.71,-7.1819e-06
9.715,-7.8683e-06
9.72,-7.892e-06
9.725,-6.2735e-06
9.73,-3.2279e-06
9.735,6.6479e-07
9.74,3.9981e-06
9.745,5.9157e-06
9.75,5.8113e-06
9.755,2.77e-06
9.76,-1.4737e-06
9.765,-3.121e-06
9.77,-1.3712e-06
9.775,1.4526e-06
9.78,3.8065e-06
9.785,4.5376e-06
9.79,2.3128e-06
9.795,-1.8569e-06
9.8,-5.6607e-06
9.805,-6.7001e-06
9.81,-6.0728e-06
9.815,-4.7046e-06
9.82,-2.4323e-06
9.825,-1.158e-07
9.83,2.1654e-06
9.835,3.4946e-06
9.84,2.097e-06
9.845,-1.3663e-06
9.85,-4.0896e-06
9.855,-4.6502e-06
9.86,-4.5075e-06
9.865,-5.7822e-06
9.87,-8.5626e-06
9.875,-1.1492e-05
9.88,-1.2767e-05
9.885,-1.026e-05
9.89,-4.5661e-06
9.895,7.3743e-07
9.9,2.8087e-06
9.905,7.301e-07
9.91,-3.3565e-06
9.915,-6.8968e-06
9.92,-8.0573e-06
9.925,-6.3944e-06
9.93,-3.2563e-06
9.935,-5.8026e-07
9.94,5.5118e-07
9.945,2.8411e-07
9.95,-9.3368e-07
9.955,-4.0224e-06
9.96,-7.6461e-06
9.965,-8.9576e-06
9.97,-8.1756e-06
9.975,-7.6169e-06
9.98,-8.1757e-06
9.985,-7.0884e-06
9.99,-1.1957e-06
9.995,7.1848e-06
10,1.1033e-05
10.005,6.6698e-06
10.01,-1.9819e-06
10.015,-8.6606e-06
10.02,-8.4307e-06
10.025,-3.0873e-06
10.03,2.7367e-06
10.035,6.5614e-06
10.04,5.7787e-06
10.045,-5.1377e-07
10.05,-7.1468e-06
10.055,-8.9399e-06
10.06,-6.9692e-06
10.065,-4.0481e-06
10.07,-9.2869e-07
10.075,1.9155e-06
10.08,4.2882e-06
10.085,6.3558e-06
10.09,7.3723e-06
10.095,8.1003e-06
10.1,8.3172e-06
10.105,6.6276e-06
10.11,3.1766e-06
10.115,-2.073e-07
10.12,-1.1252e-06
10.125,2.6045e-07
10.13,2.0611e-06
10.135,4.4044e-06
10.14,6.673e-06
10.145,7.4423e-06
10.15,4.9828e-06
10.155,-1.1324e-06
10.16,-8.2395e-06
10.165,-1.1749e-05
10.17,-8.175e-06
10.175,-1.0424e-06
10.18,4.5585e-06
10.185,7.1321e-06
10.19,6.8083e-06
10.195,5.1759e-06
10.2,3.6075e-06
10.205,2.9802e-06
10.21,2.9098e-06
10.215,1.9565e-06
10.22,-1.1467e-06
10.225,-6.0109e-06
10.23,-9.4428e-06
10.235,-7.7827e-06
10.24,-4.1516e-07
10.245,7.5281e-06
10.25,9.7391e-06
10.255,3.9038e-06
10.26,-4.0834e-06
10.265,-5.7144e-06
10.27,-8.0004e-07
10.275,4.4572e-06
10.28,5.4473e-06
10.285,2.7397e-06
10.29,1.2589e-06
10.295,3.5199e-06
10.3,6.2618e-06
10.305,4.9768e-06
10.31,-5.6078e-07
10.315,-8.2211e-06
10.32,-1.4581e-05
10.325,-1.5472e-05
10.33,-1.2617e-05
10.335,-1.0174e-05
10.34,-7.9645e-06
10.345,-4.731e-06
10.35,-3.477e-07
10.355,4.4064e-06
10.36,7.7267e-06
10.365,6.8725e-06
10.37,1.9833e-06
10.375,-3.3329e-06
10.38,-6.2232e-06
10.385,-6.9816e-06
10.39,-7.325e-06
10.395,-9.9905e-06
10.4,-1.3597e-05
10.405,-1.3004e-05
10.41,-7.5901e-06
10.415,-1.3558e-06
10.42,2.0291e-06
10.425,2.7181e-06
10.43,2.3961e-06
10.435,3.6319e-06
10.44,6.5367e-06
10.445,7.1046e-06
10.45,3.4425e-06
10.455,-1.8663e-06
10.46,-5.2261e-06
10.465,-4.6653e-06
10.47,-2.577e-06
10.475,-1.8565e-06
10.48,-2.6555e-06
10.485,-3.6986e-06
10.49,-4.2174e-06
10.495,-5.0066e-06
10.5,-5.8791e-06
10.505,-4.8902e-06
10.51,-1.9458e-06
10.515,1.3531e-06
10.52,2.3449e-06
10.525,1.2996e-06
10.53,9.2243e-07
10.535,1.5128e-06
10.54,1.3384e-06
10.545,-1.4146e-06
10.55,-6.4219e-06
10.555,-1.0425e-05
10.56,-1.089e-05
10.565,-8.8672e-06
10.57,-5.3493e-06
10.575,-6.658e-07
10.58,2.9913e-06
10.585,3.5237e-06
10.59,9.6688e-07
10.595,-3.8663e-06
10.6,-1.0198e-05
10.605,-1.4952e-05
10.61,-1.5837e-05
10.615,-1.2573e-05
10.62,-5.2665e-06
10.625,2.5736e-06
10.63,6.3705e-06
10.635,5.4344e-06
10.64,-5.0588e-08
10.645,-7.7908e-06
10.65,-1.1988e-05
10.655,-1.0237e-05
10.66,-6.0637e-06
10.665,-2.6036e-06
10.67,-1.7006e-06
10.675,-3.6342e-06
10.68,-7.8972e-06
10.685,-1.1884e-05
10.69,-1.2104e-05
10.695,-7.6106e-06
10.7,-1.3867e-06
10.705,2.5033e-06
10.71,3.4411e-06
10.715,2.4052e-06
10.72,5.5657e-07
10.725,-5.4163e-07
10.73,-1.285e-06
10.735,-1.271e-06
10.74,1.2797e-06
10.745,3.7347e-06
10.75,3.1261e-06
10.755,8.826e-07
10.76,-4.4767e-07
10.765,1.3327e-06
10.77,5.5605e-06
10.775,8.1486e-06
10.78,6.0046e-06
10.785,-1.3823e-06
10.79,-9.9343e-06
10.795,-1.515e-05
10.8,-1.6062e-05
10.805,-1.3435e-05
10.81,-9.3525e-06
10.815,-7.624e-06
10.82,-8.7446e-06
10.825,-9.4611e-06
10.83,-7.2255e-06
10.835,-3.9224e-06
10.84,-2.2426e-06
10.845,-1.4748e-06
10.85,-8.1705e-07
10.855,-8.4724e-07
10.86,-2.9647e-06
10.865,-7.1143e-06
10.87,-1.0546e-05
10.875,-1.0676e-05
10.88,-7.795e-06
10.885,-4.5754e-06
10.89,-4.8071e-06
10.895,-8.0261e-06
10.9,-1.0067e-05
10.905,-8.0912e-06
10.91,-4.1834e-06
10.915,-7.4027e-07
10.92,1.8396e-06
10.925,1.6985e-06
10.93,-2.4788e-06
10.935,-8.962e-06
10.94,-1.4525e-05
10.945,-1.6865e-05
10.95,-1.5314e-05
10.955,-1.177e-05
10.96,-8.1659e-06
10.965,-4.5566e-06
10.97,-2.1623e-06
10.975,-1.3173e-06
10.98,-1.9524e-06
10.985,-2.5251e-06
10.99,-1.0046e-06
10.995,1.1961e-06
11,9.6918e-07
11.005,-1.0892e-06
11.01,-2.8394e-06
11.015,-4.4922e-06
11.02,-6.0492e-06
11.025,-6.5939e-06
11.03,-5.99e-06
11.035,-6.1332e-06
11.04,-9.3188e-06
11.045,-1.4475e-05
11.05,-1.7651e-05
11.055,-1.4093e-05
11.06,-4.4281e-06
11.065,3.651e-06
11.07,5.0192e-06
11.075,2.0299e-06
11.08,-1.1285e-06
11.085,-2.9393e-06
11.09,-4.2728e-06
11.095,-4.6666e-06
11.1,-3.4001e-06
11.105,-3.7879e-07
11.11,4.4244e-06
11.115,7.9177e-06
11.12,6.1234e-06
11.125,-3.0192e-07
11.13,-7.298e-06
11.135,-1.0157e-05
11.14,-7.3507e-06
11.145,-7.4495e-07
11.15,4.3064e-06
11.155,3.6981e-06
11.16,-2.3923e-06
11.165,-1.238e-05
11.17,-2.1531e-05
11.175,-2.5034e-05
11.18,-2.245e-05
11.185,-1.6798e-05
11.19,-1.0226e-05
11.195,-5.4949e-06
11.2,-4.9505e-06
11.205,-7.0081e-06
11.21,-8.3113e-06
11.215,-7.5384e-06
11.22,-6.3602e-06
11.225,-6.1764e-06
11.23,-7.4276e-06
11.235,-9.7963e-06
11.24,-1.1162e-05
11.245,-1.0318e-05
11.25,-9.538e-06
11.255,-1.0003e-05
11.26,-1.1034e-05
11.265,-1.2278e-05
11.27,-1.3181e-05
11.275,-1.2307e-05
11.28,-8.3764e-06
11.285,-3.7703e-06
11.29,-5.4291e-07
11.295,7.9998e-07
11.3,2.75e-07
11.305,-1.1092e-06
11.31,-1.4215e-06
11.315,-4.7009e-07
11.32,1.8331e-07
11.325,-3.9002e-07
11.33,-2.2538e-06
11.335,-5.9116e-06
11.34,-8.6144e-06
11.345,-7.2282e-06
11.35,-5.087e-06
11.355,-6.151e-06
11.36,-9.0059e-06
11.365,-9.9133e-06
11.37,-6.8091e-06
11.375,-1.4948e-06
11.38,3.0605e-06
11.385,4.6933e-06
11.39,3.1347e-06
11.395,8.8823e-07
11.4,-1.436e-07
11.405,7.1169e-07
11.41,3.2432e-06
11.415,6.0093e-06
11.42,6.444e-06
11.425,2.8601e-06
11.43,-1.929e-06
11.435,-4.4579e-06
11.44,-4.1597e-06
11.445,-1.7445e-06
11.45,9.7032e-07
11.455,2.5371e-06
11.46,1.4391e-06
11.465,-2.0429e-06
11.47,-5.344e-06
11.475,-6.5862e-06
11.48,-5.749e-06
11.485,-3.9278e-06
11.49,-1.9436e-06
11.495,-2.27e-06
11.5,-4.1136e-06
11.505,-4.145e-06
11.51,-3.0896e-06
11.515,-2.7343e-06
11.52,-2.5428e-06
11.525,-2.6892e-06
11.53,-2.7321e-06
11.535,-2.1718e-06
11.54,-1.7518e-06
11.545,-2.2243e-06
11.55,-4.3234e-06
11.555,-6.9395e-06
11.56,-8.2607e-06
11.565,-8.5004e-06
11.57,-8.3864e-06
11.575,-8.5869e-06
11.58,-8.777e-06
11.585,-8.3436e-06
11.59,-9.3692e-06
11.595,-1.3791e-05
11.6,-1.9732e-05
11.605,-2.1223e-05
11.61,-1.5678e-05
11.615,-6.7733e-06
11.62,5.1576e-07
11.625,1.6924e-06
11.63,-1.3992e-06
11.635,-2.1979e-06
11.64,5.7717e-07
11.645,2.9647e-06
11.65,1.4797e-06
11.655,-1.6407e-06
11.66,-1.5647e-06
11.665,8.1352e-07
11.67,2.538e-06
11.675,2.5361e-06
11.68,1.8882e-06
11.685,2.2316e-06
11.69,2.9451e-06
11.695,3.296e-06
11.7,2.4358e-06
11.705,-9.9279e-07
11.71,-6.4005e-06
11.715,-9.6668e-06
11.72,-8.5017e-06
11.725,-4.9019e-06
11.73,-1.6249e-06
11.735,1.853e-06
11.74,6.6842e-06
11.745,9.8341e-06
11.75,7.1936e-06
11.755,-6.3643e-08
11.76,-6.8263e-06
11.765,-9.4366e-06
11.77,-8.2073e-06
11.775,-6.4731e-06
11.78,-6.1372e-06
11.785,-6.4441e-06
11.79,-6.2747e-06
11.795,-5.9751e-06
11.8,-9.0218e-06
11.805,-1.61e-05
11.81,-2.1533e-05
11.815,-2.0433e-05
11.82,-1.4589e-05
11.825,-8.4066e-06
11.83,-4.4978e-06
11.835,-3.1963e-06
11.84,-3.2617e-06
11.845,-2.8338e-06
11.85,-2.7905e-06
11.855,-4.9811e-06
11.86,-8.0883e-06
11.865,-9.6072e-06
11.87,-9.7168e-06
11.875,-1.0222e-05
11.88,-1.1882e-05
11.885,-1.4207e-05
11.89,-1.6762e-05
11.895,-1.7484e-05
11.9,-1.4748e-05
11.905,-1.0347e-05
11.91,-5.3929e-06
11.915,3.5203e-07
11.92,2.9887e-06
11.925,4.9638e-07
11.93,-2.7056e-06
11.935,-1.7246e-06
11.94,1.3943e-06
11.945,2.1312e-06
11.95,-1.101e-08
11.955,-2.302e-06
11.96,-3.7909e-06
11.965,-5.3712e-06
11.97,-8.2049e-06
11.975,-1.0258e-05
11.98,-9.4653e-06
11.985,-8.5868e-06
11.99,-9.0449e-06
11.995,-9.2759e-06
12,-7.9678e-06
12.005,-6.001e-06
12.01,-6.3476e-06
12.015,-9.1093e-06
12.02,-1.1861e-05
12.025,-1.2161e-05
12.03,-8.6732e-06
12.035,-4.5595e-06
12.04,-3.6342e-06
12.045,-4.6561e-06
12.05,-4.6388e-06
12.055,-2.8161e-06
12.06,-2.5917e-06
12.065,-6.105e-06
12.07,-9.1405e-06
12.075,-7.1918e-06
12.08,-1.2424e-06
12.085,1.7136e-06
12.09,-1.747e-06
12.095,-6.1177e-06
12.1,-7.4878e-06
12.105,-7.7057e-06
12.11,-8.8902e-06
12.115,-1.0021e-05
12.12,-8.7012e-06
12.125,-7.0027e-06
12.13,-6.7195e-06
12.135,-5.9094e-06
12.14,-3.8713e-06
12.145,-2.9404e-06
12.15,-3.8296e-06
12.155,-3.948e-06
12.16,-1.412e-06
12.165,1.8463e-06
12.17,2.8546e-06
12.175,7.5735e-07
12.18,-3.8037e-06
12.185,-9.3372e-06
12.19,-1.3454e-05
12.195,-1.2873e-05
12.2,-6.8467e-06
12.205,3.3673e-07
12.21,4.0194e-06
12.215,4.0553e-06
12.22,3.5689e-06
12.225,5.3973e-06
12.23,8.5552e-06
12.235,8.5286e-06
12.24,4.6967e-06
12.245,-7.7283e-08
12.25,-3.259e-06
12.255,-3.3234e-06
12.26,-1.4031e-06
12.265,7.2447e-08
12.27,7.1497e-07
12.275,4.1852e-07
12.28,-2.0601e-06
12.285,-6.9545e-06
12.29,-1.2212e-05
12.295,-1.4362e-05
12.3,-1.1105e-05
12.305,-4.7363e-06
12.31,-2.6621e-07
12.315,-2.0128e-06
12.32,-9.1178e-06
12.325,-1.6017e-05
12.33,-1.6997e-05
12.335,-1.2488e-05
12.34,-6.9525e-06
12.345,-3.4548e-06
12.35,-2.5978e-06
12.355,-3.6756e-06
12.36,-7.0265e-06
12.365,-1.0853e-05
12.37,-1.2164e-05
12.375,-1.1065e-05
12.38,-8.9453e-06
12.385,-6.659e-06
12.39,-4.768e-06
12.395,-3.8414e-06
12.4,-4.3292e-06
12.405,-3.5684e-06
12.41,2.1815e-07
12.415,4.2901e-06
12.42,6.057e-06
12.425,4.7766e-06
12.43,8.9301e-07
12.435,-5.5148e-06
12.44,-1.2792e-05
12.445,-1.7837e-05
12.45,-1.8707e-05
12.455,-1.4667e-05
12.46,-8.4699e-06
12.465,-3.0975e-06
12.47,-9.5845e-09
12.475,2.4582e-07
12.48,-1.7968e-06
12.485,-6.0581e-06
12.49,-9.6662e-06
12.495,-1.0777e-05
12.5,-1.0451e-05
12.505,-8.6703e-06
12.51,-6.5297e-06
12.515,-5.1721e-06
12.52,-3.758e-06
12.525,-2.8285e-06
12.53,-1.8649e-06
12.535,1.015e-06
12.54,3.4497e-06
12.545,2.6614e-06
12.55,5.1414e-07
12.555,5.8355e-10
12.56,9.3705e-07
12.565,1.1363e-06
12.57,-1.2449e-07
12.575,-8.2619e-07
12.58,1.5703e-06
12.585,5.3098e-06
12.59,7.2658e-06
12.595,6.121e-06
12.6,3.3224e-06
12.605,8.4221e-07
12.61,-2.6313e-07
12.615,-1.1393e-06
12.62,-1.6151e-06
12.625,3.3089e-07
12.63,2.204e-06
12.635,1.0815e-07
12.64,-5.3428e-06
12.645,-1.1754e-05
12.65,-1.593e-05
12.655,-1.6422e-05
12.66,-1.4932e-05
12.665,-1.3671e-05
12.67,-1.3484e-05
12.675,-1.2742e-05
12.68,-9.2388e-06
12.685,-3.9952e-06
12.69,-2.7474e-07
12.695,2.445e-07
12.7,-2.2681e-06
12.705,-8.2979e-06
12.71,-1.4615e-05
12.715,-1.5697e-05
12.72,-1.2968e-05
12.725,-1.0765e-05
12.73,-8.3947e-06
12.735,-1.9018e-06
12.74,7.2794e-06
12.745,1.2368e-05
12.75,8.8487e-06
12.755,1.1136e-07
12.76,-5.2933e-06
12.765,-4.4707e-06
12.77,-2.1153e-06
12.775,-2.3044e-06
12.78,-5.4897e-06
12.785,-9.4385e-06
12.79,-1.2915e-05
12.795,-1.4568e-05
12.8,-1.2914e-05
12.805,-9.4446e-06
12.81,-9.1983e-06
12.815,-1.3397e-05
12.82,-1.6966e-05
12.825,-1.5744e-05
12.83,-1.0323e-05
12.835,-4.6504e-06
12.84,-2.8191e-06
12.845,-5.5134e-06
12.85,-8.7017e-06
12.855,-1.0868e-05
12.86,-1.2703e-05
12.865,-1.3139e-05
12.87,-1.0864e-05
12.875,-5.8812e-06
12.88,-6.7402e-07
12.885,1.7091e-06
12.89,6.8581e-07
12.895,-2.0633e-06
12.9,-4.5561e-06
12.905,-6.5631e-06
12.91,-8.216e-06
12.915,-1.0468e-05
12.92,-1.286e-05
12.925,-1.4823e-05
12.93,-1.5397e-05
12.935,-1.4079e-05
12.94,-1.1317e-05
12.945,-7.7711e-06
12.95,-4.6328e-06
12.955,-2.7976e-06
12.96,-2.0185e-06
12.965,1.7424e-07
12.97,4.2958e-06
12.975,7.2681e-06
12.98,7.4896e-06
12.985,5.6876e-06
12.99,1.2275e-06
12.995,-3.852e-06
13,-6.4459e-06
13.005,-7.3002e-06
13.01,-8.6308e-06
13.015,-1.0993e-05
13.02,-1.2531e-05
13.025,-1.2328e-05
13.03,-1.0726e-05
13.035,-9.1029e-06
13.04,-8.2416e-06
13.045,-8.133e-06
13.05,-7.3749e-06
13.055,-5.8586e-06
13.06,-4.0374e-06
13.065,-2.9346e-06
13.07,-2.4175e-06
13.075,-1.9936e-06
13.08,-2.3359e-06
13.085,-9.1707e-07
13.09,1.2101e-06
13.095,-6.2753e-07
13.1,-5.2624e-06
13.105,-8.8523e-06
13.11,-8.6451e-06
13.115,-4.8862e-06
13.12,1.8359e-07
13.125,4.334e-06
13.13,4.2961e-06
13.135,-8.6769e-07
13.14,-7.5956e-06
13.145,-1.1835e-05
13.15,-1.1263e-05
13.155,-8.1479e-06
13.16,-7.839e-06
13.165,-1.1548e-05
13.17,-1.5507e-05
13.175,-1.4243e-05
13.18,-9.1284e-06
13.185,-4.29e-06
13.19,-2.204e-06
13.195,-2.1374e-06
13.2,-2.5707e-06
13.205,-4.7379e-06
13.21,-6.875e-06
13.215,-5.4535e-06
13.22,-4.2355e-07
13.225,4.4444e-06
13.23,6.4026e-06
13.235,5.0504e-06
13.24,1.3119e-06
13.245,-3.7828e-06
13.25,-9.3837e-06
13.255,-1.4711e-05
13.26,-1.7061e-05
13.265,-1.3777e-05
13.27,-7.6602e-06
13.275,-3.2125e-06
13.28,-1.9357e-06
13.285,-2.7582e-06
13.29,-3.8937e-06
13.295,-4.1011e-06
13.3,-2.7126e-06
13.305,-1.7812e-06
13.31,-4.3268e-06
13.315,-1.1207e-05
13.32,-1.6955e-05
13.325,-1.6083e-05
13.33,-1.0011e-05
13.335,-4.6212e-06
13.34,-4.3273e-06
13.345,-8.2795e-06
13.35,-1.2141e-05
13.355,-1.314e-05
13.36,-1.1206e-05
13.365,-7.3347e-06
13.37,-2.4246e-06
13.375,2.3615e-06
13.38,3.6438e-06
13.385,-2.8522e-07
13.39,-6.2332e-06
13.395,-9.3285e-06
13.4,-7.2138e-06
13.405,-2.1389e-06
13.41,1.5225e-06
13.415,1.52e-06
13.42,-2.0616e-06
13.425,-6.4074e-06
13.43,-8.1556e-06
13.435,-6.1361e-06
13.44,-4.5389e-06
13.445,-8.0428e-06
13.45,-1.5624e-05
13.455,-2.0853e-05
13.46,-1.8958e-05
13.465,-1.1273e-05
13.47,-2.1331e-06
13.475,3.8969e-06
13.48,4.5995e-06
13.485,1.4446e-06
13.49,-2.612e-06
13.495,-6.0249e-06
13.5,-7.4424e-06
13.505,-4.551e-06
13.51,1.1428e-06
13.515,5.8731e-06
13.52,6.9128e-06
13.525,4.0477e-06
13.53,-4.1008e-07
13.535,-4.0059e-06
13.54,-6.5753e-06
13.545,-8.7256e-06
13.55,-8.7341e-06
13.555,-6.3511e-06
13.56,-5.1588e-06
13.565,-5.2871e-06
13.57,-4.0139e-06
13.575,-2.0559e-06
13.58,-3.0555e-07
13.585,1.5438e-06
13.59,1.5085e-06
13.595,-1.8347e-06
13.6,-5.3495e-06
13.605,-5.9251e-06
13.61,-4.0942e-06
13.615,-2.0033e-06
13.62,-1.2183e-06
13.625,-1.7726e-06
13.63,-2.4319e-06
13.635,-6.7473e-07
13.64,2.9238e-06
13.645,5.7982e-06
13.65,5.753e-06
13.655,1.6846e-06
13.66,-3.6528e-06
13.665,-5.2471e-06
13.67,-4.2624e-06
13.675,-4.0801e-06
13.68,-5.2641e-06
13.685,-8.0748e-06
13.69,-9.9197e-06
13.695,-8.4601e-06
13.7,-4.7144e-06
13.705,-6.3785e-07
13.71,1.067e-06
13.715,6.3861e-07
13.72,6.6919e-07
13.725,1.4045e-06
13.73,1.5699e-06
13.735,1.5548e-06
13.74,2.65e-06
13.745,4.5116e-06
13.75,4.2191e-06
13.755,2.933e-07
13.76,-6.7177e-06
13.765,-1.3761e-05
13.77,-1.5525e-05
13.775,-1.0737e-05
13.78,-2.7447e-06
13.785,3.5729e-06
13.79,5.9073e-06
13.795,4.4197e-06
13.8,-2.0859e-07
13.805,-5.5719e-06
13.81,-9.8825e-06
13.815,-1.3691e-05
13.82,-1.6681e-05
13.825,-1.6601e-05
13.83,-1.2874e-05
13.835,-8.4079e-06
13.84,-5.4724e-06
13.845,-3.1895e-06
13.85,-8.83e-07
13.855,1.2e-06
13.86,1.237e-06
13.865,-1.2681e-06
13.87,-4.2311e-06
13.875,-5.8709e-06
13.88,-6.6509e-06
13.885,-6.8334e-06
13.89,-5.1409e-06
13.895,-2.1005e-06
13.9,2.7455e-07
13.905,1.3573e-06
13.91,3.2024e-07
13.915,-2.3177e-06
13.92,-3.6217e-06
13.925,-2.8436e-06
13.93,-2.5234e-06
13.935,-3.8167e-06
13.94,-5.5606e-06
13.945,-7.1793e-06
13.95,-8.0386e-06
13.955,-7.3826e-06
13.96,-5.5448e-06
13.965,-3.5841e-06
13.97,-2.6416e-06
13.975,-3.9295e-06
13.98,-7.374e-06
13.985,-1.028e-05
13.99,-9.9922e-06
13.995,-5.8983e-06
14,-6.5157e-07
14.005,1.5621e-06
14.01,-2.6355e-06
14.015,-9.5409e-06
14.02,-1.3443e-05
14.025,-1.2552e-05
14.03,-8.4969e-06
14.035,-5.6352e-06
14.04,-7.5212e-06
14.045,-1.2939e-05
14.05,-1.7363e-05
14.055,-1.7106e-05
14.06,-1.2071e-05
14.065,-5.7702e-06
14.07,-2.4955e-06
14.075,-3.0642e-06
14.08,-4.8821e-06
14.085,-5.5815e-06
14.09,-4.8583e-06
14.095,-4.5495e-06
14.1,-4.8224e-06
14.105,-2.6381e-06
14.11,2.8643e-06
14.115,8.3131e-06
14.12,8.625e-06
14.125,2.0812e-06
14.13,-7.2122e-06
14.135,-1.219e-05
14.14,-1.0087e-05
14.145,-4.6154e-06
14.15,-1.5794e-06
14.155,-3.5845e-06
14.16,-7.6521e-06
14.165,-9.5212e-06
14.17,-8.0719e-06
14.175,-5.8974e-06
14.18,-4.7024e-06
14.185,-3.2628e-06
14.19,-1.1784e-06
14.195,2.2596e-07
14.2,1.0626e-07
14.205,-1.5886e-06
14.21,-5.2665e-06
14.215,-8.0921e-06
14.22,-6.2149e-06
14.225,-7.907e-09
14.23,6.4953e-06
14.235,7.7856e-06
14.24,1.7743e-06
14.245,-8.6174e-06
14.25,-1.6331e-05
14.255,-1.5736e-05
14.26,-9.3517e-06
14.265,-3.439e-06
14.27,-1.995e-06
14.275,-4.3953e-06
14.28,-7.8387e-06
14.285,-9.8195e-06
14.29,-1.0058e-05
14.295,-1.0169e-05
14.3,-1.1092e-05
14.305,-1.2399e-05
14.31,-1.1992e-05
14.315,-8.0422e-06
14.32,-2.009e-06
14.325,3.252e-06
14.33,5.4551e-06
14.335,4.1715e-06
14.34,1.9419e-06
14.345,5.6862e-07
14.35,2.7347e-07
14.355,2.0401e-06
14.36,4.8903e-06
14.365,6.682e-06
14.37,6.3109e-06
14.375,4.5642e-06
14.38,2.8011e-06
14.385,2.003e-06
14.39,2.123e-06
14.395,2.8741e-06
14.4,4.5056e-06
14.405,6.3375e-06
14.41,6.6182e-06
14.415,4.0139e-06
14.42,-1.1164e-06
14.425,-6.2426e-06
14.43,-8.3785e-06
14.435,-7.3686e-06
14.44,-5.786e-06
14.445,-5.1017e-06
14.45,-4.1995e-06
14.455,-4.8734e-06
14.46,-9.4174e-06
14.465,-1.5313e-05
14.47,-1.6508e-05
14.475,-1.1325e-05
14.48,-4.0777e-06
14.485,-4.4328e-07
14.49,-1.5805e-06
14.495,-4.4259e-06
14.5,-5.8881e-06
14.505,-4.9945e-06
14.51,-1.9715e-06
14.515,1.0013e-06
14.52,6.3674e-07
14.525,-3.7388e-06
14.53,-8.5747e-06
14.535,-1.0082e-05
14.54,-8.1833e-06
14.545,-6.8775e-06
14.55,-7.6591e-06
14.555,-8.3532e-06
14.56,-7.0745e-06
14.565,-2.754e-06
14.57,4.8816e-06
14.575,1.0516e-05
14.58,8.4091e-06
14.585,7.1623e-07
14.59,-5.2928e-06
14.595,-5.8745e-06
14.6,-3.2279e-06
14.605,-1.8013e-06
14.61,-3.2095e-06
14.615,-6.922e-06
14.62,-1.3187e-05
14.625,-1.9177e-05
14.63,-1.9179e-05
14.635,-1.2291e-05
14.64,-3.9273e-06
14.645,-9.7949e-07
14.65,-3.9992e-06
14.655,-7.867e-06
14.66,-8.6306e-06
14.665,-6.1374e-06
14.67,-2.963e-06
14.675,-2.322e-06
14.68,-5.1411e-06
14.685,-8.7218e-06
14.69,-1.0651e-05
14.695,-1.0011e-05
14.7,-7.3822e-06
14.705,-5.6325e-06
14.71,-7.709e-06
14.715,-1.2609e-05
14.72,-1.6628e-05
14.725,-1.7311e-05
14.73,-1.3913e-05
14.735,-6.8788e-06
14.74,1.4079e-06
14.745,6.795e-06
14.75,6.8916e-06
14.755,2.8488e-06
14.76,-2.8148e-06
14.765,-7.0495e-06
14.77,-7.5834e-06
14.775,-3.9632e-06
14.78,2.2118e-06
14.785,7.5481e-06
14.79,7.832e-06
14.795,1.9818e-06
14.8,-5.8988e-06
14.805,-1.2615e-05
14.81,-1.779e-05
14.815,-2.1019e-05
14.82,-1.9307e-05
14.825,-1.2334e-05
14.83,-5.0733e-06
14.835,-1.254e-06
14.84,1.4351e-07
14.845,7.785e-07
14.85,8.3194e-07
14.855,4.0809e-07
14.86,4.2532e-07
14.865,6.986e-08
14.87,-1.6208e-06
14.875,-4.2446e-06
14.88,-5.1775e-06
14.885,-2.1164e-06
14.89,3.3085e-06
14.895,6.0795e-06
14.9,4.0465e-06
14.905,6.4152e-07
14.91,-1.0539e-06
14.915,-9.9084e-07
14.92,-7.1312e-07
14.925,-2.1897e-06
14.93,-5.7638e-06
14.935,-9.0432e-06
14.94,-1.0322e-05
14.945,-9.2519e-06
14.95,-6.6049e-06
14.955,-4.473e-06
14.96,-3.0651e-06
14.965,-2.6029e-06
14.97,-2.9596e-06
14.975,-2.4293e-06
14.98,-1.8604e-06
14.985,-3.485e-06
14.99,-7.389e-06
14.995,-1.1607e-05
15,-1.4176e-05
15.005,-1.4541e-05
15.01,-1.3955e-05
15.015,-1.5088e-05
15.02,-1.6638e-05
15.025,-1.4676e-05
15.03,-8.2044e-06
15.035,-1.5974e-06
15.04,8.6488e-08
15.045,-2.1187e-06
15.05,-2.0988e-06
15.055,3.3599e-06
15.06,8.9469e-06
15.065,8.6464e-06
15.07,1.313e-06
15.075,-8.0202e-06
15.08,-1.3546e-05
15.085,-1.3095e-05
15.09,-8.2241e-06
15.095,-2.6555e-06
15.1,9.0741e-07
15.105,2.6098e-06
15.11,3.3217e-06
15.115,3.8572e-06
15.12,4.0641e-06
15.125,3.3403e-06
15.13,2.2585e-06
15.135,-4.4255e-07
15.14,-4.2587e-06
15.145,-5.2983e-06
15.15,-1.7356e-06
15.155,2.7474e-06
15.16,1.3879e-06
15.165,-5.3904e-06
15.17,-1.1271e-05
15.175,-1.3887e-05
15.18,-1.3928e-05
15.185,-1.0514e-05
15.19,-3.5767e-06
15.195,3.2785e-06
15.2,6.5489e-06
15.205,7.3647e-06
15.21,7.1312e-06
15.215,5.4969e-06
15.22,2.4871e-06
15.225,-2.0225e-06
15.23,-8.0336e-06
15.235,-1.2409e-05
15.24,-1.0824e-05
15.245,-3.4259e-06
15.25,4.6439e-06
15.255,8.8052e-06
15.26,7.0912e-06
15.265,1.4347e-06
15.27,-3.6592e-06
15.275,-5.4246e-06
15.28,-4.0694e-06
15.285,-1.9126e-06
15.29,-1.3567e-06
15.295,-2.2917e-06
15.3,-5.3857e-06
15.305,-8.3315e-06
15.31,-6.995e-06
15.315,-2.9418e-06
15.32,1.211e-06
15.325,4.9545e-06
15.33,8.6688e-06
15.335,9.9079e-06
15.34,7.9804e-06
15.345,5.6997e-06
15.35,5.2353e-06
15.355,5.36e-06
15.36,3.1929e-06
15.365,-8.8122e-07
15.37,-3.1316e-06
15.375,-2.1604e-06
15.38,-1.671e-07
15.385,-5.3108e-08
15.39,-1.5086e-06
15.395,-4.2989e-06
15.4,-7.3201e-06
15.405,-8.1504e-06
15.41,-6.2461e-06
15.415,-3.272e-06
15.42,-2.4625e-06
15.425,-5.89e-06
15.43,-1.0586e-05
15.435,-1.1853e-05
15.44,-8.4597e-06
15.445,-1.9433e-06
15.45,5.0039e-06
15.455,9.7193e-06
15.46,9.9844e-06
15.465,5.3538e-06
15.47,-2.6922e-07
15.475,-2.9468e-06
15.48,-3.1199e-06
15.485,-5.6217e-06
15.49,-1.2599e-05
15.495,-1.9499e-05
15.5,-2.0669e-05
15.505,-1.5858e-05
15.51,-8.5972e-06
15.515,-1.3082e-06
15.52,5.0284e-06
15.525,1.0076e-05
15.53,1.1336e-05
15.535,8.4979e-06
15.54,3.8986e-06
15.545,-1.2803e-06
15.55,-6.2602e-06
15.555,-9.0493e-06
15.56,-8.6823e-06
15.565,-7.8557e-06
15.57,-7.8941e-06
15.575,-7.339e-06
15.58,-5.5586e-06
15.585,-4.0955e-06
15.59,-3.5724e-06
15.595,-2.4471e-06
15.6,-1.2904e-06
15.605,-1.6658e-06
15.61,-4.5622e-06
15.615,-7.4055e-06
15.62,-7.9467e-06
15.625,-6.2754e-06
15.63,-2.2951e-06
15.635,2.7826e-06
15.64,5.4514e-06
15.645,4.8185e-06
15.65,2.5328e-06
15.655,-8.0292e-07
15.66,-4.078e-06
15.665,-6.4955e-06
15.67,-7.263e-06
15.675,-5.5461e-06
15.68,-5.1122e-07
15.685,5.3233e-06
15.69,7.9881e-06
15.695,7.2119e-06
15.7,4.697e-06
15.705,1.8654e-06
15.71,-4.8854e-07
15.715,-3.2209e-06
15.72,-7.6202e-06
15.725,-1.1333e-05
15.73,-9.7611e-06
15.735,-1.8602e-06
15.74,5.7527e-06
15.745,5.2698e-06
15.75,-2.1403e-06
15.755,-9.9408e-06
15.76,-1.2808e-05
15.765,-9.6213e-06
15.77,-3.2922e-06
15.775,-1.1263e-06
15.78,-6.4885e-06
15.785,-1.2645e-05
15.79,-1.2962e-05
15.795,-8.6204e-06
15.8,-3.8304e-06
15.805,-9.6182e-07
15.81,-5.9111e-07
15.815,-3.3956e-06
15.82,-7.3478e-06
15.825,-8.7667e-06
15.83,-6.6213e-06
15.835,-2.7152e-06
15.84,-2.1038e-08
15.845,-1.653e-06
15.85,-7.051e-06
15.855,-1.1272e-05
15.86,-1.1097e-05
15.865,-9.176e-06
15.87,-8.7735e-06
15.875,-9.1709e-06
15.88,-8.8482e-06
15.885,-6.0072e-06
15.89,-9.7703e-08
15.895,6.5596e-06
15.9,1.03e-05
15.905,1.01e-05
15.91,7.2337e-06
15.915,3.4242e-06
15.92,-6.5061e-08
15.925,-4.284e-06
15.93,-8.9509e-06
15.935,-1.0221e-05
15.94,-7.0387e-06
15.945,-4.0558e-06
15.95,-3.8954e-06
15.955,-4.737e-06
15.96,-4.4367e-06
15.965,-2.6643e-06
15.97,-7.7628e-07
15.975,-7.5096e-07
15.98,-2.3737e-06
15.985,-3.9856e-06
15.99,-6.0731e-06
15.995,-8.0029e-06
16,-7.9541e-06
16.005,-6.691e-06
16.01,-6.1722e-06
16.015,-5.9606e-06
16.02,-3.7881e-06
16.025,-8.8732e-08
16.03,1.511e-06
16.035,-9.3549e-07
16.04,-5.2567e-06
16.045,-9.7809e-06
16.05,-1.3919e-05
16.055,-1.4066e-05
16.06,-7.8885e-06
16.065,9.0761e-07
16.07,6.7738e-06
16.075,8.2239e-06
16.08,6.584e-06
16.085,3.6243e-06
16.09,9.7265e-07
16.095,-4.7805e-07
16.1,-6.8953e-07
16.105,-4.6831e-07
16.11,-8.2663e-07
16.115,-3.2836e-07
16.12,-4.0681e-08
16.125,-1.4318e-06
16.13,-3.1996e-06
16.135,-4.4659e-06
16.14,-3.9237e-06
16.145,-2.1895e-06
16.15,-1.8055e-07
16.155,8.7e-07
16.16,1.2216e-06
16.165,1.5224e-06
16.17,5.6076e-07
16.175,-1.2906e-06
16.18,-1.6935e-06
16.185,-9.6967e-07
16.19,-4.5091e-07
16.195,6.3116e-07
16.2,2.2777e-06
16.205,3.0098e-06
16.21,1.288e-06
16.215,-1.8755e-06
16.22,-3.867e-06
16.225,-3.6914e-06
16.23,-2.9868e-06
16.235,-2.6476e-06
16.24,-1.0225e-06
16.245,2.5216e-06
16.25,5.0725e-06
16.255,5.2278e-06
16.26,3.9611e-06
16.265,2.2027e-06
16.27,7.2344e-07
16.275,2.8067e-07
16.28,2.3494e-06
16.285,4.9766e-06
16.29,5.8235e-06
16.295,3.6413e-06
16.3,-1.1756e-06
16.305,-4.5506e-06
16.31,-4.1443e-06
16.315,-2.3307e-06
16.32,-1.6599e-06
16.325,-2.9165e-06
16.33,-4.4824e-06
16.335,-3.4552e-06
16.34,-2.4068e-08
16.345,3.2101e-06
16.35,5.1156e-06
16.355,5.6463e-06
16.36,5.3797e-06
16.365,3.5539e-06
16.37,-8.5089e-07
16.375,-6.3709e-06
16.38,-9.5987e-06
16.385,-8.4621e-06
16.39,-4.5049e-06
16.395,-1.7097e-06
16.4,-2.7427e-06
16.405,-6.7026e-06
16.41,-1.0425e-05
16.415,-9.8795e-06
16.42,-5.2375e-06
16.425,-1.9446e-06
16.43,-2.4296e-06
16.435,-4.1329e-06
16.44,-4.3177e-06
16.445,-2.7463e-06
16.45,-1.4319e-06
16.455,-4.4517e-07
16.46,8.4805e-07
16.465,1.6762e-06
16.47,4.0604e-07
16.475,-3.2228e-06
16.48,-6.5051e-06
16.485,-6.7371e-06
16.49,-4.42e-06
16.495,-3.1842e-06
16.5,-3.0181e-06
16.505,-1.2013e-06
16.51,8.8915e-07
16.515,6.7465e-08
16.52,-3.6622e-06
16.525,-5.9889e-06
16.53,-4.5175e-06
16.535,-1.6853e-06
16.54,8.0826e-07
16.545,2.3414e-06
16.55,1.3649e-06
16.555,-2.302e-06
16.56,-6.0865e-06
16.565,-7.705e-06
16.57,-5.546e-06
16.575,4.4187e-07
16.58,7.5621e-06
16.585,1.2517e-05
16.59,1.2618e-05
16.595,7.5282e-06
16.6,1.6689e-06
16.605,-3.7578e-07
16.61,-4.5911e-07
16.615,-1.436e-07
16.62,1.3998e-06
16.625,2.5589e-06
16.63,2.0334e-06
16.635,1.1321e-06
16.64,-8.0166e-07
16.645,-3.8558e-06
16.65,-6.3907e-06
16.655,-5.944e-06
16.66,-2.3223e-06
16.665,1.6404e-06
16.67,3.5062e-06
16.675,3.1143e-06
16.68,2.6286e-06
16.685,2.992e-06
16.69,3.4812e-06
16.695,4.1331e-06
16.7,4.8495e-06
16.705,5.3841e-06
16.71,4.5688e-06
16.715,3.173e-06
16.72,3.0149e-06
16.725,2.0732e-06
16.73,5.6783e-07
16.735,2.2456e-06
16.74,7.3177e-06
16.745,1.1083e-05
16.75,9.317e-06
16.755,4.3173e-06
16.76,1.8248e-06
16.765,4.9502e-06
16.77,1.1092e-05
16.775,1.4298e-05
16.78,1.1643e-05
16.785,5.2539e-06
16.79,-6.0531e-07
16.795,-3.2317e-06
16.8,-2.7066e-06
16.805,-8.383e-07
16.81,4.0336e-07
16.815,-5.2378e-07
16.82,-2.7856e-06
16.825,-4.0899e-06
16.83,-3.6167e-06
16.835,-3.3446e-06
16.84,-6.0393e-06
16.845,-1.0735e-05
16.85,-1.3093e-05
16.855,-1.061e-05
16.86,-4.9575e-06
16.865,9.1916e-08
16.87,1.0973e-06
16.875,-2.2285e-06
16.88,-6.6387e-06
16.885,-1.008e-05
16.89,-1.1109e-05
16.895,-8.9299e-06
16.9,-5.4672e-06
16.905,-2.0117e-06
16.91,1.1985e-07
16.915,1.781e-06
16.92,6.519e-06
16.925,1.3147e-05
16.93,1.5271e-05
16.935,1.0202e-05
16.94,1.0762e-06
16.945,-6.5344e-06
16.95,-9.8259e-06
16.955,-9.8211e-06
16.96,-8.0131e-06
16.965,-6.3086e-06
16.97,-6.3348e-06
16.975,-8.2495e-06
16.98,-1.1617e-05
16.985,-1.4909e-05
16.99,-1.6795e-05
16.995,-1.5606e-05
17,-1.0624e-05
17.005,-4.5879e-06
17.01,-3.2845e-06
17.015,-7.4762e-06
17.02,-1.0913e-05
17.025,-1.1129e-05
17.03,-9.8804e-06
17.035,-8.4577e-06
17.04,-9.206e-06
17.045,-1.1122e-05
17.05,-1.1103e-05
17.055,-1.0747e-05
17.06,-1.0264e-05
17.065,-6.4334e-06
17.07,-1.2644e-06
17.075,2.4664e-06
17.08,4.9974e-06
17.085,5.062e-06
17.09,1.8565e-06
17.095,-9.6065e-07
17.1,1.2579e-06
17.105,6.5711e-06
17.11,8.7478e-06
17.115,5.7492e-06
17.12,4.2231e-07
17.125,-5.1044e-06
17.13,-8.5224e-06
17.135,-8.0755e-06
17.14,-5.6463e-06
17.145,-4.2555e-06
17.15,-4.0638e-06
17.155,-3.6536e-06
17.16,-2.9525e-06
17.165,-1.3096e-06
17.17,1.513e-06
17.175,4.8157e-06
17.18,7.0331e-06
17.185,6.9613e-06
17.19,5.9426e-06
17.195,4.884e-06
17.2,2.7754e-06
17.205,-1.1719e-07
17.21,-1.9512e-06
17.215,-1.7883e-06
17.22,-2.2423e-07
17.225,1.4078e-06
17.23,2.0145e-06
17.235,6.7095e-07
17.24,-1.6015e-06
17.245,-2.8997e-06
17.25,-3.2644e-06
17.255,-3.2665e-06
17.26,-3.4905e-06
17.265,-3.8595e-06
17.27,-4.0283e-06
17.275,-2.8966e-06
17.28,-1.4758e-06
17.285,-3.09e-06
17.29,-7.6561e-06
17.295,-1.1787e-05
17.3,-1.1879e-05
17.305,-7.6903e-06
17.31,-2.8428e-06
17.315,-1.5198e-07
17.32,1.6892e-07
17.325,-2.2774e-06
17.33,-5.7323e-06
17.335,-7.7668e-06
17.34,-6.8681e-06
17.345,-2.2491e-06
17.35,4.7763e-06
17.355,1.1685e-05
17.36,1.7603e-05
17.365,2.0366e-05
17.37,1.8407e-05
17.375,1.3289e-05
17.38,9.4532e-06
17.385,8.9868e-06
17.39,7.4513e-06
17.395,1.3896e-06
17.4,-7.5634e-06
17.405,-1.3692e-05
17.41,-1.2821e-05
17.415,-6.2538e-06
17.42,2.2735e-06
17.425,9.2451e-06
17.43,1.1641e-05
17.435,8.1929e-06
17.44,1.5946e-06
17.445,-4.0821e-06
17.45,-5.0428e-06
17.455,-6.2184e-07
17.46,4.4848e-06
17.465,6.7011e-06
17.47,5.2961e-06
17.475,2.7257e-06
17.48,1.6157e-06
17.485,1.9058e-06
17.49,2.6932e-06
17.495,3.9585e-06
17.5,5.2218e-06
17.505,5.2752e-06
17.51,3.991e-06
17.515,1.9865e-06
17.52,-5.2828e-07
17.525,-2.453e-06
17.53,-1.5571e-06
17.535,1.6477e-06
17.54,4.2128e-06
17.545,3.4747e-06
17.55,7.4145e-08
17.555,-3.7214e-06
17.56,-5.982e-06
17.565,-7.7268e-06
17.57,-1.0482e-05
17.575,-1.1226e-05
17.58,-7.0813e-06
17.585,1.2921e-06
17.59,8.1532e-06
17.595,8.1949e-06
17.6,3.7189e-06
17.605,-8.349e-07
17.61,-2.0572e-06
17.615,6.3068e-07
17.62,5.8919e-06
17.625,9.0551e-06
17.63,5.3989e-06
17.635,-2.1582e-06
17.64,-6.1328e-06
17.645,-4.0472e-06
17.65,-1.4259e-07
17.655,1.7048e-06
17.66,1.1353e-06
17.665,-8.5612e-07
17.67,-1.649e-06
17.675,1.7845e-07
17.68,3.8434e-06
17.685,6.9424e-06
17.69,7.1133e-06
17.695,3.524e-06
17.7,-2.3373e-06
17.705,-6.4015e-06
17.71,-5.1655e-06
17.715,6.1584e-08
17.72,4.8125e-06
17.725,6.2015e-06
17.73,4.7068e-06
17.735,3.7419e-06
17.74,6.3242e-06
17.745,1.0561e-05
17.75,1.291e-05
17.755,1.1881e-05
17.76,9.1586e-06
17.765,7.5417e-06
17.77,7.0539e-06
17.775,5.9747e-06
17.78,2.4339e-06
17.785,-3.9844e-06
17.79,-9.6509e-06
17.795,-1.0383e-05
17.8,-6.2269e-06
17.805,-5.2772e-07
17.81,3.0753e-06
17.815,2.4143e-06
17.82,-2.035e-06
17.825,-7.6573e-06
17.83,-1.2145e-05
17.835,-1.2329e-05
17.84,-8.5055e-06
17.845,-4.623e-06
17.85,-2.5592e-06
17.855,-1.5593e-06
17.86,-5.5819e-07
17.865,6.6247e-07
17.87,1.4927e-06
17.875,7.4118e-07
17.88,-1.0841e-06
17.885,-1.8692e-06
17.89,6.9854e-08
17.895,3.372e-06
17.9,4.3665e-06
17.905,1.8965e-06
17.91,-3.2707e-06
17.915,-7.8292e-06
17.92,-8.2602e-06
17.925,-4.8228e-06
17.93,-1.3869e-06
17.935,-1.5523e-06
17.94,-5.8068e-06
17.945,-1.0112e-05
17.95,-9.7951e-06
17.955,-4.1726e-06
17.96,2.1325e-06
17.965,4.7335e-06
17.97,3.7191e-06
17.975,1.5085e-06
17.98,2.7359e-07
17.985,4.9082e-07
17.99,1.5045e-06
17.995,1.9618e-06
18,-6.3856e-07
18.005,-7.0413e-06
18.01,-1.3862e-05
18.015,-1.7688e-05
18.02,-1.6292e-05
18.025,-9.7551e-06
18.03,-8.3291e-07
18.035,4.9493e-06
18.04,3.2382e-06
18.045,-2.9319e-06
18.05,-6.9721e-06
18.055,-5.8457e-06
18.06,-1.107e-06
18.065,4.4717e-06
18.07,8.0944e-06
18.075,8.4051e-06
18.08,7.1478e-06
18.085,5.9461e-06
18.09,5.3287e-06
18.095,6.5216e-06
18.1,7.9556e-06
18.105,8.2469e-06
18.11,8.2e-06
18.115,6.4431e-06
18.12,8.1801e-07
18.125,-6.7966e-06
18.13,-1.1497e-05
18.135,-1.2359e-05
18.14,-1.1175e-05
18.145,-8.6775e-06
18.15,-5.8512e-06
18.155,-3.1479e-06
18.16,4.2548e-07
18.165,4.2151e-06
18.17,6.4942e-06
18.175,7.5297e-06
18.18,8.6361e-06
18.185,9.0327e-06
18.19,6.6981e-06
18.195,2.5481e-06
18.2,6.1452e-07
18.205,3.4039e-06
18.21,9.737e-06
18.215,1.4005e-05
18.22,1.3425e-05
18.225,1.0507e-05
18.23,7.6026e-06
18.235,5.4965e-06
18.24,4.9694e-06
18.245,5.532e-06
18.25,5.4083e-06
18.255,3.1193e-06
18.26,-2.6699e-07
18.265,-2.4046e-06
18.27,-3.1015e-06
18.275,-2.9841e-06
18.28,-2.9443e-06
18.285,-2.9131e-06
18.29,-2.0208e-06
18.295,-2.6351e-07
18.3,1.782e-06
18.305,4.1398e-06
18.31,5.8854e-06
18.315,5.1118e-06
18.32,3.3515e-06
18.325,3.8217e-06
18.33,7.2091e-06
18.335,1.1348e-05
18.34,1.2676e-05
18.345,8.7342e-06
18.35,9.8201e-07
18.355,-5.5603e-06
18.36,-6.9926e-06
18.365,-3.9624e-06
18.37,-7.9605e-07
18.375,-6.2034e-07
18.38,-1.5779e-06
18.385,-1.9363e-06
18.39,-1.5511e-06
18.395,-6.5082e-07
18.4,-9.0768e-07
18.405,-4.4125e-06
18.41,-1.0934e-05
18.415,-1.7494e-05
18.42,-2.0076e-05
18.425,-1.6528e-05
18.43,-9.6263e-06
18.435,-4.2182e-06
18.44,-1.5983e-06
18.445,1.7577e-07
18.45,4.6499e-08
18.455,-3.8994e-06
18.46,-9.0923e-06
18.465,-1.3422e-05
18.47,-1.4851e-05
18.475,-1.2587e-05
18.48,-8.7127e-06
18.485,-4.5376e-06
18.49,4.3426e-08
18.495,3.3325e-06
18.5,3.8792e-06
18.505,2.5628e-06
18.51,2.4811e-07
18.515,-1.5962e-06
18.52,-1.5869e-06
18.525,1.5833e-07
18.53,2.7305e-06
18.535,6.8078e-06
18.54,1.1597e-05
18.545,1.2951e-05
18.55,9.5341e-06
18.555,5.025e-06
18.56,1.9879e-06
18.565,1.8336e-06
18.57,4.4579e-06
18.575,5.264e-06
18.58,1.6479e-06
18.585,-2.4602e-06
18.59,-3.4702e-06
18.595,4.1592e-07
18.6,8.1243e-06
18.605,1.623e-05
18.61,2.1112e-05
18.615,2.1674e-05
18.62,2.2396e-05
18.625,2.6534e-05
18.63,3.1629e-05
18.635,3.4248e-05
18.64,3.2234e-05
18.645,2.704e-05
18.65,2.3393e-05
18.655,2.3146e-05
18.66,2.3274e-05
18.665,2.0183e-05
18.67,1.5393e-05
18.675,1.2022e-05
18.68,1.032e-05
18.685,1.015e-05
18.69,9.5135e-06
18.695,7.51e-06
18.7,5.1273e-06
18.705,2.986e-06
18.71,1.7313e-06
18.715,2.2342e-06
18.72,3.8629e-06
18.725,4.6655e-06
18.73,4.0695e-06
18.735,3.7419e-06
18.74,5.0433e-06
18.745,5.259e-06
18.75,5.9535e-07
18.755,-8.2886e-06
18.76,-1.5471e-05
18.765,-1.7653e-05
18.77,-1.651e-05
18.775,-1.734e-05
18.78,-2.2617e-05
18.785,-2.822e-05
18.79,-2.8723e-05
18.795,-2.4213e-05
18.8,-1.9985e-05
18.805,-1.9222e-05
18.81,-2.0598e-05
18.815,-2.0802e-05
18.82,-1.9044e-05
18.825,-1.7247e-05
18.83,-1.6572e-05
18.835,-1.4874e-05
18.84,-1.0189e-05
18.845,-4.7498e-06
18.85,-2.3029e-06
18.855,-4.8856e-06
18.86,-1.1198e-05
18.865,-1.8099e-05
18.87,-2.4526e-05
18.875,-3.0104e-05
18.88,-3.4536e-05
18.885,-3.7776e-05
18.89,-3.8671e-05
18.895,-3.6423e-05
18.9,-3.1017e-05
18.905,-2.34e-05
18.91,-1.7753e-05
18.915,-1.8434e-05
18.92,-2.3475e-05
18.925,-2.7901e-05
18.93,-2.8367e-05
18.935,-2.4529e-05
18.94,-1.8412e-05
18.945,-1.4436e-05
18.95,-1.5065e-05
18.955,-1.5511e-05
18.96,-1.2965e-05
18.965,-1.0104e-05
18.97,-8.2871e-06
18.975,-5.276e-06
18.98,-1.1059e-06
18.985,1.8373e-06
18.99,4.9894e-06
18.995,1.0209e-05
19,1.7292e-05
19.005,2.4816e-05
19.01,2.8393e-05
19.015,2.5875e-05
19.02,2.1438e-05
19.025,2.0622e-05
19.03,2.3339e-05
19.035,2.6662e-05
19.04,3.0897e-05
19.045,3.7702e-05
19.05,4.9389e-05
19.055,6.7037e-05
19.06,8.7187e-05
19.065,0.00010386
19.07,0.00011115
19.075,0.00010648
19.08,9.253e-05
19.085,7.4231e-05
19.09,5.7327e-05
19.095,4.7742e-05
19.1,4.9419e-05
19.105,6.0113e-05
19.11,7.1652e-05
19.115,7.7035e-05
19.12,7.6305e-05
19.125,7.3429e-05
19.13,6.9379e-05
19.135,6.1262e-05
19.14,4.7308e-05
19.145,2.8876e-05
19.15,1.0178e-05
19.155,-5.7198e-06
19.16,-1.8991e-05
19.165,-3.1603e-05
19.17,-4.2762e-05
19.175,-4.849e-05
19.18,-4.7592e-05
19.185,-4.5422e-05
19.19,-4.6254e-05
19.195,-4.9438e-05
19.2,-5.0659e-05
19.205,-4.5576e-05
19.21,-3.39e-05
19.215,-1.9151e-05
19.22,-7.7696e-06
19.225,-6.0134e-06
19.23,-1.4487e-05
19.235,-2.8501e-05
19.24,-4.4013e-05
19.245,-6.0077e-05
19.25,-7.6579e-05
19.255,-9.264e-05
19.26,-0.00010742
19.265,-0.00011756
19.27,-0.00011848
19.275,-0.00010843
19.28,-8.9798e-05
19.285,-6.5954e-05
19.29,-4.2506e-05
19.295,-2.6814e-05
19.3,-2.3819e-05
19.305,-3.2084e-05
19.31,-4.4633e-05
19.315,-5.6216e-05
19.32,-6.4899e-05
19.325,-7.0241e-05
19.33,-7.2475e-05
19.335,-7.2494e-05
19.34,-7.1641e-05
19.345,-7.235e-05
19.35,-7.8081e-05
19.355,-9.0466e-05
19.36,-0.0001044
19.365,-0.00011196
19.37,-0.00010813
19.375,-9.307e-05
19.38,-7.269e-05
19.385,-5.2907e-05
19.39,-3.4563e-05
19.395,-1.7254e-05
19.4,-2.9311e-06
19.405,2.5145e-06
19.41,-2.9347e-06
19.415,-1.3256e-05
19.42,-2.3264e-05
19.425,-2.9823e-05
19.43,-2.7268e-05
19.435,-1.1502e-05
19.44,1.4655e-05
19.445,4.1658e-05
19.45,5.833e-05
19.455,5.8696e-05
19.46,4.6533e-05
19.465,2.8916e-05
19.47,9.9216e-06
19.475,-6.8799e-06
19.48,-1.5146e-05
19.485,-6.8982e-06
19.49,1.8662e-05
19.495,5.371e-05
19.5,8.7177e-05
19.505,0.00011016
19.51,0.00012014
19.515,0.00011769
19.52,0.00010563
19.525,9.1513e-05
19.53,8.5482e-05
19.535,9.422e-05
19.54,0.00011515
19.545,0.0001405
19.55,0.00016261
19.555,0.00017674
19.56,0.00018009
19.565,0.00017055
19.57,0.00014999
19.575,0.00012384
19.58,0.00010133
19.585,9.0057e-05
19.59,8.9463e-05
19.595,9.4235e-05
19.6,9.853e-05
19.605,9.5474e-05
19.61,8.2588e-05
19.615,6.4036e-05
19.62,4.4515e-05
19.625,2.5028e-05
19.63,6.1925e-06
19.635,-9.8563e-06
19.64,-2.0728e-05
19.645,-2.4274e-05
19.65,-2.0357e-05
19.655,-1.3212e-05
19.66,-9.3605e-06
19.665,-1.194e-05
19.67,-1.9856e-05
19.675,-3.0629e-05
19.68,-4.3183e-05
19.685,-5.7358e-05
19.69,-7.314e-05
19.695,-8.9941e-05
19.7,-0.00010664
19.705,-0.00012015
19.71,-0.00012703
19.715,-0.00012731
19.72,-0.00012455
19.725,-0.00012108
19.73,-0.00011787
19.735,-0.00011642
19.74,-0.00011933
19.745,-0.00012984
19.75,-0.00015039
19.755,-0.00017919
19.76,-0.000208
19.765,-0.00022747
19.77,-0.00023383
19.775,-0.00023
19.78,-0.00022002
19.785,-0.00020533
19.79,-0.0001849
19.795,-0.00015746
19.8,-0.00012311
19.805,-8.5911e-05
19.81,-5.5278e-05
19.815,-4.0184e-05
19.82,-4.1908e-05
19.825,-5.6382e-05
19.83,-7.8539e-05
19.835,-0.00010404
19.84,-0.00012652
19.845,-0.00013851
19.85,-0.00013672
19.855,-0.00012352
19.86,-0.00010144
19.865,-6.9692e-05
19.87,-2.8287e-05
19.875,1.7545e-05
19.88,6.1202e-05
19.885,9.8627e-05
19.89,0.00012917
19.895,0.00015244
19.9,0.00016691
19.905,0.00017199
19.91,0.00016765
19.915,0.00015432
19.92,0.00013368
19.925,0.00010769
19.93,7.794e-05
19.935,4.7264e-05
19.94,2.094e-05
19.945,3.4721e-06
19.95,-3.7385e-06
19.955,-3.2952e-06
19.96,1.8217e-06
19.965,1.005e-05
19.97,1.8403e-05
19.975,2.4778e-05
19.98,3.062e-05
19.985,3.707e-05
19.99,4.5306e-05
19.995,5.925e-05
20,8.0349e-05
20.005,0.00010371
20.01,0.00012035
20.015,0.00012685
20.02,0.00012841
20.025,0.00012851
20.03,0.00012771
20.035,0.00012711
20.04,0.00012629
20.045,0.00012649
20.05,0.00013317
20.055,0.00014728
20.06,0.00016217
20.065,0.00016987
20.07,0.00016697
20.075,0.00015293
20.08,0.00012927
20.085,0.00010052
20.09,7.1978e-05
20.095,4.7967e-05
20.1,2.9953e-05
20.105,1.4468e-05
20.11,-4.0918e-06
20.115,-2.6504e-05
20.12,-4.994e-05
20.125,-6.9851e-05
20.13,-7.9721e-05
20.135,-7.5351e-05
20.14,-5.9344e-05
20.145,-3.6487e-05
20.15,-9.7452e-06
20.155,1.9878e-05
20.16,5.0385e-05
20.165,7.8521e-05
20.17,0.00010308
20.175,0.00012222
20.18,0.00013344
20.185,0.00013261
20.19,0.00011655
20.195,8.3734e-05
20.2,3.4466e-05
20.205,-2.6561e-05
20.21,-9.1575e-05
20.215,-0.00015294
20.22,-0.00020245
20.225,-0.00023378
20.23,-0.00024166
20.235,-0.00022358
20.24,-0.00018113
20.245,-0.0001202
20.25,-5.3168e-05
20.255,5.5261e-06
20.26,4.3918e-05
20.265,5.6536e-05
20.27,4.4406e-05
20.275,1.3498e-05
20.28,-2.9331e-05
20.285,-7.9814e-05
20.29,-0.00013288
20.295,-0.00018143
20.3,-0.00022225
20.305,-0.00025477
20.31,-0.00027646
20.315,-0.00028593
20.32,-0.00028368
20.325,-0.00027103
20.33,-0.00024973
20.335,-0.00021863
20.34,-0.00017546
20.345,-0.00012316
20.35,-7.1097e-05
20.355,-2.5295e-05
20.36,1.4565e-05
20.365,4.8372e-05
20.37,7.1853e-05
20.375,7.5684e-05
20.38,5.4983e-05
20.385,1.3625e-05
20.39,-4.124e-05
20.395,-0.00010288
20.4,-0.00016322
20.405,-0.0002119
20.41,-0.00023923
20.415,-0.00023951
20.42,-0.00021555
20.425,-0.00017652
20.43,-0.00013164
20.435,-8.7183e-05
20.44,-4.4644e-05
20.445,-4.2681e-06
20.45,3.3024e-05
20.455,6.6888e-05
20.46,9.7847e-05
20.465,0.00012887
20.47,0.00016215
20.475,0.00019598
20.48,0.00022386
20.485,0.00023829
20.49,0.00023319
20.495,0.00020376
20.5,0.00015305
20.505,9.5342e-05
20.51,5.0162e-05
20.515,3.0538e-05
20.52,4.1269e-05
20.525,8.1897e-05
20.53,0.0001502
20.535,0.00023916
20.54,0.00033489
20.545,0.00041958
20.55,0.000477
20.555,0.00049951
20.56,0.00048807
20.565,0.00044715
20.57,0.00038691
20.575,0.00032084
20.58,0.00025743
20.585,0.00020016
20.59,0.00015256
20.595,0.0001172
20.6,9.2152e-05
20.605,7.4796e-05
20.61,6.3056e-05
20.615,5.7737e-05
20.62,6.3956e-05
20.625,8.422e-05
20.63,0.00011348
20.635,0.00013985
20.64,0.00015103
20.645,0.00014178
20.65,0.00011465
20.655,7.8168e-05
20.66,4.3343e-05
20.665,1.6998e-05
20.67,2.5112e-07
20.675,-6.6573e-06
20.68,-4.3496e-06
20.685,5.0752e-07
20.69,-1.3319e-06
20.695,-1.6452e-05
20.7,-4.5767e-05
20.705,-8.5619e-05
20.71,-0.00013299
20.715,-0.00018499
20.72,-0.00023168
20.725,-0.00025763
20.73,-0.00025414
20.735,-0.00022406
20.74,-0.00017741
20.745,-0.00012857
20.75,-9.2517e-05
20.755,-8.0161e-05
20.76,-9.5023e-05
20.765,-0.00013263
20.77,-0.00018586
20.775,-0.00024807
20.78,-0.00031564
20.785,-0.00038632
20.79,-0.00045492
20.795,-0.00051496
20.8,-0.00056258
20.805,-0.00059741
20.81,-0.00061678
20.815,-0.0006162
20.82,-0.00059445
20.825,-0.00055599
20.83,-0.00050784
20.835,-0.00045613
20.84,-0.00040522
20.845,-0.00035788
20.85,-0.00031441
20.855,-0.0002724
20.86,-0.00022822
20.865,-0.00017976
20.87,-0.00012617
20.875,-6.704e-05
20.88,-4.3404e-06
20.885,5.7096e-05
20.89,0.0001121
20.895,0.00015618
20.9,0.00018494
20.905,0.00019893
20.91,0.0002047
20.915,0.00020966
20.92,0.00021825
20.925,0.00023286
20.93,0.00025504
20.935,0.00028583
20.94,0.00032639
20.945,0.00037391
20.95,0.00042014
20.955,0.0004568
20.96,0.00048031
20.965,0.00049241
20.97,0.00049772
20.975,0.00050268
20.98,0.00051105
20.985,0.00052187
20.99,0.00053241
20.995,0.00053952
21,0.00053899
21.005,0.00052646
21.01,0.00050107
21.015,0.00046832
21.02,0.0004361
21.025,0.0004074
21.03,0.00037913
21.035,0.0003477
21.04,0.00031201
21.045,0.00027336
21.05,0.00023567
21.055,0.00020247
21.06,0.00017263
21.065,0.00014088
21.07,0.00010253
21.075,5.4807e-05
21.08,-2.9368e-06
21.085,-6.9331e-05
21.09,-0.00014017
21.095,-0.0002104
21.1,-0.00027177
21.105,-0.00031337
21.11,-0.00032665
21.115,-0.00030888
21.12,-0.00026202
21.125,-0.00019679
21.13,-0.00012875
21.135,-7.1454e-05
21.14,-3.2287e-05
21.145,-1.5252e-05
21.15,-2.1802e-05
21.155,-4.9728e-05
21.16,-9.4604e-05
21.165,-0.00015086
21.17,-0.00021235
21.175,-0.00027231
21.18,-0.00032525
21.185,-0.0003661
21.19,-0.00038975
21.195,-0.0003933
21.2,-0.00037379
21.205,-0.00032511
21.21,-0.0002431
21.215,-0.00013312
21.22,-1.0386e-05
21.225,0.00010674
21.23,0.00019959
21.235,0.00025126
21.24,0.00025714
21.245,0.00022643
21.25,0.00017292
21.255,0.00010959
21.26,5.1813e-05
21.265,1.7068e-05
21.27,1.5431e-05
21.275,4.8381e-05
21.28,0.00010955
21.285,0.00018359
21.29,0.00025545
21.295,0.00031595
21.3,0.00035934
21.305,0.00038148
21.31,0.00037972
21.315,0.00035761
21.32,0.00032334
21.325,0.00028601
21.33,0.00025354
21.335,0.00022888
21.34,0.0002082
21.345,0.00018316
21.35,0.00014439
21.355,8.6099e-05
21.36,8.1273e-06
21.365,-8.453e-05
21.37,-0.00018112
21.375,-0.00026716
21.38,-0.00032588
21.385,-0.00034725
21.39,-0.00033082
21.395,-0.00028184
21.4,-0.00021385
21.405,-0.00014392
21.41,-8.5986e-05
21.415,-5.2418e-05
21.42,-5.0002e-05
21.425,-7.6541e-05
21.43,-0.00012258
21.435,-0.00017499
21.44,-0.00021918
21.445,-0.00024249
21.45,-0.00024167
21.455,-0.00022588
21.46,-0.00021333
21.465,-0.00022386
21.47,-0.00026949
21.475,-0.00034992
21.48,-0.00045396
21.485,-0.00056104
21.49,-0.0006471
21.495,-0.00069244
21.5,-0.00068346
21.505,-0.00061637
21.51,-0.00049916
21.515,-0.0003491
21.52,-0.00019134
21.525,-5.5713e-05
21.53,3.5779e-05
21.535,7.6857e-05
21.54,7.2192e-05
21.545,3.514e-05
21.55,-1.7073e-05
21.555,-7.2226e-05
21.56,-0.00012335
21.565,-0.00016305
21.57,-0.00018342
21.575,-0.000181
21.58,-0.00015476
21.585,-0.00010407
21.59,-2.8069e-05
21.595,7.6931e-05
21.6,0.0002104
21.605,0.00036496
21.61,0.00052653
21.615,0.00067406
21.62,0.00078556
21.625,0.00084606
21.63,0.00085112
21.635,0.00080824
21.64,0.0007342
21.645,0.00064809
21.65,0.00056451
21.655,0.00049472
21.66,0.00044583
21.665,0.00041757
21.67,0.00040311
21.675,0.00039081
21.68,0.00036713
21.685,0.00032301
21.69,0.00025823
21.695,0.00018145
21.7,0.00010891
21.705,5.8915e-05
21.71,4.311e-05
21.715,6.1105e-05
21.72,0.00010475
21.725,0.00016109
21.73,0.00021508
21.735,0.0002528
21.74,0.00026529
21.745,0.00025141
21.75,0.00021559
21.755,0.00016877
21.76,0.00012499
21.765,9.9203e-05
21.77,0.00010216
21.775,0.00013251
21.78,0.00017871
21.785,0.00022449
21.79,0.00024974
21.795,0.00023416
21.8,0.00016541
21.805,4.5578e-05
21.81,-0.00010853
21.815,-0.00026939
21.82,-0.00040461
21.825,-0.00048842
21.83,-0.00051077
21.835,-0.00047998
21.84,-0.00041389
21.845,-0.00033306
21.85,-0.00025894
21.855,-0.00020871
21.86,-0.00019013
21.865,-0.00019954
21.87,-0.00022507
21.875,-0.00025315
21.88,-0.00027611
21.885,-0.00029598
21.89,-0.00031955
21.895,-0.0003532
21.9,-0.00040231
21.905,-0.00046765
21.91,-0.00054027
21.915,-0.00060284
21.92,-0.0006368
21.925,-0.00062651
21.93,-0.00056477
21.935,-0.00045826
21.94,-0.0003251
21.945,-0.00019026
21.95,-7.8148e-05
21.955,-3.1969e-06
21.96,3.0358e-05
21.965,2.6369e-05
21.97,-4.0544e-06
21.975,-4.3121e-05
21.98,-7.1072e-05
21.985,-7.2099e-05
21.99,-3.7306e-05
21.995,3.2092e-05
22,0.00012256
22.005,0.00021349
22.01,0.00028766
22.015,0.00033554
22.02,0.00035677
22.025,0.00035567
22.03,0.00033666
22.035,0.00030311
22.04,0.00025924
22.045,0.00020858
22.05,0.00015135
22.055,8.3823e-05
22.06,6.2426e-07
22.065,-0.00010095
22.07,-0.00021896
22.075,-0.00034442
22.08,-0.00045799
22.085,-0.00053427
22.09,-0.00054908
22.095,-0.00048752
22.1,-0.00035
22.105,-0.00015138
22.11,8.1111e-05
22.115,0.00031168
22.12,0.00050269
22.125,0.00062048
22.13,0.00064146
22.135,0.00056406
22.14,0.00041276
22.145,0.0002274
22.15,5.2752e-05
22.155,-7.3759e-05
22.16,-0.00013387
22.165,-0.00013126
22.17,-8.7938e-05
22.175,-3.4884e-05
22.18,1.2585e-07
22.185,1.4804e-06
22.19,-3.2124e-05
22.195,-8.9043e-05
22.2,-0.00014579
22.205,-0.00017351
22.21,-0.00014586
22.215,-4.6696e-05
22.22,0.00011978
22.225,0.00032906
22.23,0.00054843
22.235,0.00074599
22.24,0.00089321
22.245,0.00097204
22.25,0.0009811
22.255,0.00093285
22.26,0.00084655
22.265,0.00074095
22.27,0.00062824
22.275,0.00051461
22.28,0.00040316
22.285,0.00029328
22.29,0.00018441
22.295,8.2095e-05
22.3,-3.1946e-06
22.305,-5.6307e-05
22.31,-6.1962e-05
22.315,-1.4073e-05
22.32,8.504e-05
22.325,0.00022861
22.33,0.00040178
22.335,0.00057752
22.34,0.00072535
22.345,0.00082085
22.35,0.00084791
22.355,0.00080195
22.36,0.00069474
22.365,0.00054742
22.37,0.00038208
22.375,0.00021605
22.38,6.1185e-05
22.385,-7.3368e-05
22.39,-0.00018645
22.395,-0.00028813
22.4,-0.00038866
22.405,-0.00048858
22.41,-0.00058044
22.415,-0.00065384
22.42,-0.00069833
22.425,-0.00070561
22.43,-0.00067375
22.435,-0.00060883
22.44,-0.00052451
22.445,-0.00044276
22.45,-0.00038738
22.455,-0.00037563
22.46,-0.00041298
22.465,-0.00048823
22.47,-0.00057365
22.475,-0.0006359
22.48,-0.0006482
22.485,-0.00059922
22.49,-0.00049447
22.495,-0.00035285
22.5,-0.00019884
22.505,-5.5732e-05
22.51,5.3024e-05
22.515,0.00010745
22.52,0.00010074
22.525,4.2542e-05
22.53,-4.6287e-05
22.535,-0.00014127
22.54,-0.00022472
22.545,-0.00029054
22.55,-0.00033781
22.555,-0.00036497
22.56,-0.00037048
22.565,-0.00035164
22.57,-0.00030773
22.575,-0.00024181
22.58,-0.00015625
22.585,-4.9026e-05
22.59,8.0149e-05
22.595,0.00022342
22.6,0.00036727
22.605,0.00049552
22.61,0.0005925
22.615,0.00064931
22.62,0.00066373
22.625,0.000639
22.63,0.00058486
22.635,0.00051579
22.64,0.00044812
22.645,0.00039529
22.65,0.00036779
22.655,0.00037135
22.66,0.00039923
22.665,0.00043183
22.67,0.00044674
22.675,0.00042307
22.68,0.00035124
22.685,0.0002413
22.69,0.00011509
22.695,-6.5849e-06
22.7,-0.00010837
22.705,-0.00018154
22.71,-0.00022007
22.715,-0.00022238
22.72,-0.00019487
22.725,-0.00015335
22.73,-0.00011735
22.735,-0.00010302
22.74,-0.00011807
22.745,-0.00016041
22.75,-0.00022096
22.755,-0.00028622
22.76,-0.00034654
22.765,-0.00040065
22.77,-0.00045309
22.775,-0.00051004
22.78,-0.00057821
22.785,-0.00066213
22.79,-0.00076136
22.795,-0.0008687
22.8,-0.00097156
22.805,-0.0010565
22.81,-0.0011115
22.815,-0.0011268
22.82,-0.0010929
22.825,-0.0010087
22.83,-0.00088372
22.835,-0.00073135
22.84,-0.00056482
22.845,-0.0003967
22.85,-0.00023652
22.855,-9.2184e-05
22.86,2.9689e-05
22.865,0.00012694
22.87,0.00020088
22.875,0.00025136
22.88,0.0002785
22.885,0.00028492
22.89,0.00027719
22.895,0.00026016
22.9,0.00023626
22.905,0.00020769
22.91,0.00018027
22.915,0.00016329
22.92,0.00016412
22.925,0.00018535
22.93,0.00022996
22.935,0.00030197
22.94,0.00040076
22.945,0.00051965
22.95,0.00064984
22.955,0.00077785
22.96,0.00088742
22.965,0.00096343
22.97,0.00099498
22.975,0.00098047
22.98,0.00092737
22.985,0.00084834
22.99,0.00075723
22.995,0.00066602
23,0.0005844
23.005,0.00051876
23.01,0.00046762
23.015,0.00042236
23.02,0.00037224
23.025,0.00030816
23.03,0.00022676
23.035,0.00013165
23.04,3.1408e-05
23.045,-6.027e-05
23.05,-0.00012645
23.055,-0.00015552
23.06,-0.00014617
23.065,-0.00010742
23.07,-5.584e-05
23.075,-9.6789e-06
23.08,1.5531e-05
23.085,9.4456e-06
23.09,-2.817e-05
23.095,-8.4611e-05
23.1,-0.0001415
23.105,-0.00018411
23.11,-0.00020551
23.115,-0.00020443
23.12,-0.00018733
23.125,-0.000169
23.13,-0.00016491
23.135,-0.00018718
23.14,-0.00023992
23.145,-0.00031617
23.15,-0.00040231
23.155,-0.00048337
23.16,-0.0005435
23.165,-0.00056591
23.17,-0.0005401
23.175,-0.0004694
23.18,-0.00036415
23.185,-0.00024005
23.19,-0.00011865
23.195,-2.1545e-05
23.2,3.9352e-05
23.205,6.8354e-05
23.21,8.1971e-05
23.215,9.8904e-05
23.22,0.00013189
23.225,0.0001887
23.23,0.00027215
23.235,0.00037394
23.24,0.0004742
23.245,0.00054825
23.25,0.00057655
23.255,0.00054772
23.26,0.00046127
23.265,0.00033005
23.27,0.0001788
23.275,3.8459e-05
23.28,-6.5741e-05
23.285,-0.00012255
23.29,-0.00013565
23.295,-0.00011937
23.3,-9.2996e-05
23.305,-7.3593e-05
23.31,-7.4493e-05
23.315,-0.00010584
23.32,-0.00017159
23.325,-0.00026491
23.33,-0.00036969
23.335,-0.0004617
23.34,-0.00051797
23.345,-0.00053061
23.35,-0.00050604
23.355,-0.00045583
23.36,-0.00039061
23.365,-0.00031974
23.37,-0.0002469
23.375,-0.00016977
23.38,-8.6438e-05
23.385,4.1817e-06
23.39,0.00010326
23.395,0.00021127
23.4,0.00032564
23.405,0.00043911
23.41,0.0005419
23.415,0.00062387
23.42,0.00067711
23.425,0.00069758
23.43,0.00068583
23.435,0.00065057
23.44,0.00060299
23.445,0.00055114
23.45,0.00050047
23.455,0.00045315
23.46,0.00041215
23.465,0.00038137
23.47,0.00036398
23.475,0.00035799
23.48,0.00035625
23.485,0.00034947
23.49,0.00032838
23.495,0.00028831
23.5,0.00022891
23.505,0.00014932
23.51,5.1534e-05
23.515,-5.7342e-05
23.52,-0.00016839
23.525,-0.00027216
23.53,-0.00035897
23.535,-0.00041943
23.54,-0.00044596
23.545,-0.00043654
23.55,-0.00039734
23.555,-0.00034158
23.56,-0.00028587
23.565,-0.00024457
23.57,-0.00022864
23.575,-0.00024268
23.58,-0.00027939
23.585,-0.0003251
23.59,-0.0003608
23.595,-0.00036403
23.6,-0.00031931
23.605,-0.00022507
23.61,-9.574e-05
23.615,4.8567e-05
23.62,0.00018868
23.625,0.00030578
23.63,0.00038362
23.635,0.00041069
23.64,0.00038607
23.645,0.00032384
23.65,0.00024547
23.655,0.00016855
23.66,0.00010381
23.665,5.721e-05
23.67,2.9719e-05
23.675,1.7289e-05
23.68,1.0337e-05
23.685,-2.0073e-06
23.69,-2.4876e-05
23.695,-5.6917e-05
23.7,-9.1894e-05
23.705,-0.00012357
23.71,-0.00014751
23.715,-0.00015602
23.72,-0.00014291
23.725,-0.00011141
23.73,-7.205e-05
23.735,-3.7149e-05
23.74,-1.9196e-05
23.745,-2.7582e-05
23.75,-6.263e-05
23.755,-0.00011598
23.76,-0.00017714
23.765,-0.0002362
23.77,-0.00028535
23.775,-0.00031862
23.78,-0.00033199
23.785,-0.00032767
23.79,-0.00031478
23.795,-0.00030475
23.8,-0.00030657
23.805,-0.00032141
23.81,-0.00034204
23.815,-0.00035594
23.82,-0.00034993
23.825,-0.00031723
23.83,-0.00025971
23.835,-0.00018567
23.84,-0.00010898
23.845,-4.8139e-05
23.85,-2.3531e-05
23.855,-5.0379e-05
23.86,-0.00013067
23.865,-0.00025297
23.87,-0.00039558
23.875,-0.00053314
23.88,-0.00064254
23.885,-0.00070663
23.89,-0.00071683
23.895,-0.00067487
23.9,-0.00059278
23.905,-0.00049026
23.91,-0.00039073
23.915,-0.00030929
23.92,-0.00024879
23.925,-0.00020607
23.93,-0.00017705
23.935,-0.00015726
23.94,-0.00013823
23.945,-0.00011019
23.95,-6.7321e-05
23.955,-1.0958e-05
23.96,5.0587e-05
23.965,0.00010713
23.97,0.00015327
23.975,0.00018853
23.98,0.00021329
23.985,0.00022883
23.99,0.000236
23.995,0.00023744
24,0.00023746
24.005,0.00023893
24.01,0.00024512
24.015,0.00025972
24.02,0.00028819
24.025,0.00033475
24.03,0.00039649
24.035,0.00046125
24.04,0.00051404
24.045,0.00054239
24.05,0.00054046
24.055,0.00050821
24.06,0.00044853
24.065,0.00036885
24.07,0.00028122
24.075,0.0002025
24.08,0.00014802
24.085,0.00012785
24.09,0.00014283
24.095,0.00018379
24.1,0.00023487
24.105,0.00027575
24.11,0.00028849
24.115,0.00026147
24.12,0.00019231
24.125,8.9643e-05
24.13,-3.1232e-05
24.135,-0.00015256
24.14,-0.00025633
24.145,-0.00032854
24.15,-0.00036115
24.155,-0.00035409
24.16,-0.00031681
24.165,-0.00026523
24.17,-0.00021393
24.175,-0.0001724
24.18,-0.00014361
24.185,-0.00012492
24.19,-0.00011023
24.195,-9.1241e-05
24.2,-6.0027e-05
24.205,-1.1715e-05
24.21,5.2262e-05
24.215,0.00012429
24.22,0.00019723
24.225,0.00026512
24.23,0.00032327
24.235,0.00036724
24.24,0.00039485
24.245,0.00040806
24.25,0.00041042
24.255,0.00040357
24.26,0.00038823
24.265,0.0003652
24.27,0.00033368
24.275,0.0002959
24.28,0.00026049
24.285,0.00023888
24.29,0.0002412
24.295,0.00027176
24.3,0.00032498
24.305,0.00039081
24.31,0.00045677
24.315,0.00050646
24.32,0.00052371
24.325,0.00049818
24.33,0.00042817
24.335,0.000318
24.34,0.00017936
24.345,3.3458e-05
24.35,-9.3988e-05
24.355,-0.00018079
24.36,-0.00021224
24.365,-0.00018325
24.37,-9.8505e-05
24.375,2.9345e-05
24.38,0.0001814
24.385,0.00033639
24.39,0.00047557
24.395,0.0005841
24.4,0.00065103
24.405,0.00067556
24.41,0.00066944
24.415,0.00064765
24.42,0.00062071
24.425,0.0005937
24.43,0.00056823
24.435,0.00054633
24.44,0.00053022
24.445,0.00051715
24.45,0.00049822
24.455,0.00046263
24.46,0.00040392
24.465,0.00032157
24.47,0.00021848
24.475,9.9193e-05
24.48,-3.142e-05
24.485,-0.00017024
24.49,-0.00031626
24.495,-0.00046847
24.5,-0.00062531
24.505,-0.00078315
24.51,-0.00093649
24.515,-0.0010787
24.52,-0.0012043
24.525,-0.0013086
24.53,-0.0013845
24.535,-0.0014225
24.54,-0.0014161
24.545,-0.0013645
24.55,-0.0012714
24.555,-0.0011471
24.56,-0.0010037
24.565,-0.00085131
24.57,-0.00070247
24.575,-0.00057197
24.58,-0.00047281
24.585,-0.00041201
24.59,-0.00038933
24.595,-0.00039509
24.6,-0.00041361
24.605,-0.00043267
24.61,-0.00044696
24.615,-0.00045544
24.62,-0.00045944
24.625,-0.00046446
24.63,-0.00047477
24.635,-0.00048926
24.64,-0.00050193
24.645,-0.00050848
24.65,-0.00050473
24.655,-0.00048593
24.66,-0.00045155
24.665,-0.00040627
24.67,-0.00036116
24.675,-0.00033185
24.68,-0.00033109
24.685,-0.00036148
24.69,-0.00041695
24.695,-0.00048581
24.7,-0.0005523
24.705,-0.00060166
24.71,-0.00062326
24.715,-0.00061191
24.72,-0.00057154
24.725,-0.0005122
24.73,-0.00044347
24.735,-0.00036954
24.74,-0.00029504
24.745,-0.00022624
24.75,-0.00016668
24.755,-0.00011966
24.76,-9.1173e-05
24.765,-8.4764e-05
24.77,-9.6492e-05
24.775,-0.00011392
24.78,-0.00012355
24.785,-0.00011585
24.79,-8.3626e-05
24.795,-2.0627e-05
24.8,7.5525e-05
24.805,0.00019843
24.81,0.00032966
24.815,0.00044049
24.82,0.0005041
24.825,0.00050758
24.83,0.00045345
24.835,0.00035573
24.84,0.00023529
24.845,0.00011326
24.85,1.0462e-05
24.855,-5.8901e-05
24.86,-9.3701e-05
24.865,-0.00010125
24.87,-9.2279e-05
24.875,-7.4996e-05
24.88,-5.6523e-05
24.885,-3.9455e-05
24.89,-1.9688e-05
24.895,1.0365e-05
24.9,6.0628e-05
24.905,0.00013705
24.91,0.00023631
24.915,0.0003468
24.92,0.00045637
24.925,0.00055528
24.93,0.00063421
24.935,0.00068492
24.94,0.00070362
24.945,0.00069063
24.95,0.00064758
24.955,0.00057548
24.96,0.00047309
24.965,0.0003417
24.97,0.00019008
24.975,2.9056e-05
24.98,-0.00013145
24.985,-0.00027663
24.99,-0.00038994
24.995,-0.00045922
25,-0.0004782
25.005,-0.0004475
25.01,-0.00037753
25.015,-0.00028628
25.02,-0.00019428
25.025,-0.00011669
25.03,-6.3336e-05
25.035,-4.0293e-05
25.04,-4.7839e-05
25.045,-8.2266e-05
25.05,-0.00013454
25.055,-0.00019473
25.06,-0.00026007
25.065,-0.00033024
25.07,-0.00039827
25.075,-0.00045358
25.08,-0.00048921
25.085,-0.00050357
25.09,-0.0004999
25.095,-0.00048434
25.1,-0.00046503
25.105,-0.00045218
25.11,-0.00046008
25.115,-0.00050138
25.12,-0.00057643
25.125,-0.00067454
25.13,-0.00077279
25.135,-0.00084232
25.14,-0.00086503
25.145,-0.0008365
25.15,-0.00075798
25.155,-0.00063479
25.16,-0.00048255
25.165,-0.00032406
25.17,-0.00018271
25.175,-7.9441e-05
25.18,-2.6814e-05
25.185,-2.309e-05
25.19,-5.6884e-05
25.195,-0.00011219
25.2,-0.00017152
25.205,-0.00021735
25.21,-0.00023573
25.215,-0.0002215
25.22,-0.00017343
25.225,-9.3613e-05
25.23,1.0699e-05
25.235,0.00013195
25.24,0.00026073
25.245,0.00038531
25.25,0.0004955
25.255,0.00058121
25.26,0.00063245
25.265,0.00064339
25.27,0.00061147
25.275,0.00053695
25.28,0.00042997
25.285,0.00031458
25.29,0.00022128
25.295,0.00017558
25.3,0.00019196
25.305,0.00027391
25.31,0.00041506
25.315,0.00059703
25.32,0.00079466
25.325,0.00097927
25.33,0.0011209
25.335,0.0011969
25.34,0.0011972
25.345,0.0011309
25.35,0.0010196
25.355,0.00088768
25.36,0.00075961
25.365,0.00065549
25.37,0.00058486
25.375,0.00054774
25.38,0.00053615
25.385,0.00053523
25.39,0.00052721
25.395,0.00049881
25.4,0.00044654
25.405,0.00037336
25.41,0.00028548
25.415,0.00019079
25.42,9.7042e-05
25.425,1.012e-05
25.43,-6.4188e-05
25.435,-0.00012173
25.44,-0.00016543
25.445,-0.00020288
25.45,-0.00023768
25.455,-0.00026811
25.46,-0.00029063
25.465,-0.00030118
25.47,-0.00029864
25.475,-0.00028406
25.48,-0.000257
25.485,-0.00021708
25.49,-0.00016499
25.495,-0.0001055
25.5,-4.4708e-05
25.505,1.4017e-05
25.51,6.8803e-05
25.515,0.0001179
25.52,0.00016074
25.525,0.00019719
25.53,0.000226
25.535,0.00024701
25.54,0.00026054
25.545,0.00026574
25.55,0.00026028
25.555,0.00023965
25.56,0.00019753
25.565,0.00012984
25.57,3.4194e-05
25.575,-8.8054e-05
25.58,-0.00023114
25.585,-0.00038565
25.59,-0.00053923
25.595,-0.00067815
25.6,-0.00079139
25.605,-0.00087166
25.61,-0.00091054
25.615,-0.00090222
25.62,-0.00084814
25.625,-0.00075572
25.63,-0.00063468
25.635,-0.00049511
25.64,-0.0003487
25.645,-0.00021183
25.65,-0.00010073
25.655,-2.627e-05
25.66,5.798e-06
25.665,-4.9097e-06
25.67,-5.1294e-05
25.675,-0.00011721
25.68,-0.00017763
25.685,-0.00020435
25.69,-0.00017648
25.695,-8.5975e-05
25.7,5.9811e-05
25.705,0.00023943
25.71,0.0004216
25.715,0.00057462
25.72,0.00067496
25.725,0.00071253
25.73,0.00068951
25.735,0.00061424
25.74,0.00049876
25.745,0.00036019
25.75,0.00021845
25.755,9.0759e-05
25.76,-1.1743e-05
25.765,-8.569e-05
25.77,-0.00013355
25.775,-0.00015887
25.78,-0.00016703
25.785,-0.00016887
25.79,-0.0001712
25.795,-0.00016892
25.8,-0.00015231
25.805,-0.00011779
25.81,-6.7527e-05
25.815,-7.4578e-06
25.82,5.1643e-05
25.825,9.8242e-05
25.83,0.00012236
25.835,0.00011489
25.84,7.0677e-05
25.845,-1.2112e-05
25.85,-0.00013037
25.855,-0.00027234
25.86,-0.00042271
25.865,-0.00056901
25.87,-0.00070288
25.875,-0.00081695
25.88,-0.00090549
25.885,-0.00096673
25.89,-0.0010024
25.895,-0.0010157
25.9,-0.001011
25.905,-0.00099432
25.91,-0.00097535
25.915,-0.00096313
25.92,-0.00096034
25.925,-0.00096114
25.93,-0.00095469
25.935,-0.00092874
25.94,-0.00087336
25.945,-0.00078571
25.95,-0.00066839
25.955,-0.0005287
25.96,-0.00037977
25.965,-0.0002381
25.97,-0.00011922
25.975,-3.5509e-05
25.98,6.8465e-06
25.985,9.9688e-06
25.99,-1.8012e-05
25.995,-6.58e-05
26,-0.00011979
26.005,-0.00016527
26.01,-0.00018892
26.015,-0.00018449
26.02,-0.00015369
26.025,-0.00010604
26.03,-5.7364e-05
26.035,-2.1688e-05
26.04,-5.6988e-06
26.045,-7.3371e-06
26.05,-1.6941e-05
26.055,-2.3024e-05
26.06,-1.9146e-05
26.065,-5.0177e-06
26.07,1.621e-05
26.075,4.1112e-05
26.08,6.508e-05
26.085,8.3507e-05
26.09,9.4566e-05
26.095,0.00010174
26.1,0.00011452
26.105,0.0001459
26.11,0.00020593
26.115,0.00029597
26.12,0.00040677
26.125,0.00052287
26.13,0.00062878
26.135,0.00071002
26.14,0.00075741
26.145,0.0007706
26.15,0.00075886
26.155,0.00073974
26.16,0.0007304
26.165,0.00073898
26.17,0.00076497
26.175,0.00080088
26.18,0.00083436
26.185,0.00085217
26.19,0.00084307
26.195,0.00079851
26.2,0.00071136
26.205,0.00057948
26.21,0.00040697
26.215,0.00020891
26.22,7.6359e-06
26.225,-0.00017575
26.23,-0.00032236
26.235,-0.0004169
26.24,-0.00044857
26.245,-0.00041541
26.25,-0.00032687
26.255,-0.00019756
26.26,-4.4787e-05
26.265,0.00011348
26.27,0.00025688
26.275,0.00036687
26.28,0.00043431
26.285,0.00046042
26.29,0.00045331
26.295,0.00042127
26.3,0.0003677
26.305,0.00029525
26.31,0.00021114
26.315,0.00012044
26.32,1.8696e-05
26.325,-0.00010282
26.33,-0.00024675
26.335,-0.00040719
26.34,-0.00057178
26.345,-0.0007224
26.35,-0.00083319
26.355,-0.00087953
26.36,-0.00084946
26.365,-0.00074511
26.37,-0.00058076
26.375,-0.00037963
26.38,-0.00016841
26.385,2.7904e-05
26.39,0.00019152
26.395,0.00031279
26.4,0.00039048
26.405,0.00042751
26.41,0.00042964
26.415,0.00040181
26.42,0.00034427
26.425,0.0002578
26.43,0.00014883
26.435,2.795e-05
26.44,-9.2257e-05
26.445,-0.00019393
26.45,-0.00025589
26.455,-0.00026297
26.46,-0.00021175
26.465,-0.00011082
26.47,2.2716e-05
26.475,0.00016796
26.48,0.00030395
26.485,0.00041342
26.49,0.0004855
26.495,0.00052253
26.5,0.00053641
26.505,0.00053786
26.51,0.00053275
26.515,0.0005231
26.52,0.00050327
26.525,0.00046186
26.53,0.00039141
26.535,0.00029359
26.54,0.00018194
26.545,7.8932e-05
26.55,8.1937e-06
26.555,-1.3794e-05
26.56,1.6556e-05
26.565,8.7803e-05
26.57,0.0001775
26.575,0.00025626
26.58,0.00029748
26.585,0.000288
26.59,0.00022793
26.595,0.00012853
26.6,1.2009e-05
26.605,-9.9231e-05
26.61,-0.00019608
26.615,-0.00028414
26.62,-0.00037885
26.625,-0.00049897
26.63,-0.00065845
26.635,-0.00085635
26.64,-0.0010727
26.645,-0.0012701
26.65,-0.0014041
26.655,-0.0014351
26.66,-0.0013381
26.665,-0.0011099
26.67,-0.00077601
26.675,-0.00038316
26.68,1.5561e-05
26.685,0.00037079
26.69,0.00064592
26.695,0.00082238
26.7,0.00090009
26.705,0.00089202
26.71,0.00082406
26.715,0.00072891
26.72,0.00063721
26.725,0.00057343
26.73,0.0005549
26.735,0.00058557
26.74,0.00065576
26.745,0.00074733
26.75,0.00083883
26.755,0.00091407
26.76,0.00096372
26.765,0.00098558
26.77,0.0009848
26.775,0.0009732
26.78,0.00096566
26.785,0.0009721
26.79,0.00099523
26.795,0.0010357
26.8,0.00109
26.805,0.0011423
26.81,0.001161
26.815,0.0011061
26.82,0.0009498
26.825,0.0006911
26.83,0.00035225
26.835,-2.9854e-05
26.84,-0.00040375
26.845,-0.00071105
26.85,-0.00090327
26.855,-0.00095504
26.86,-0.00086767
26.865,-0.0006669
26.87,-0.00039897
26.875,-0.00011904
26.88,0.00012338
26.885,0.00029192
26.89,0.00036958
26.895,0.0003615
26.9,0.00029057
26.905,0.00018638
26.91,7.596e-05
26.915,-2.1278e-05
26.92,-9.9658e-05
26.925,-0.00016577
26.93,-0.00022803
26.935,-0.00028874
26.94,-0.00034516
26.945,-0.00038818
26.95,-0.00040225
26.955,-0.00037388
26.96,-0.00029955
26.965,-0.00018728
26.97,-5.3761e-05
26.975,8.1752e-05
26.98,0.00020012
26.985,0.00027992
26.99,0.00030166
26.995,0.00025704
27,0.00015195
27.005,2.8273e-06
27.01,-0.00016611
27.015,-0.00032358
27.02,-0.00043926
27.025,-0.00049395
27.03,-0.00048271
27.035,-0.00041194
27.04,-0.00029679
27.045,-0.00015747
27.05,-1.4484e-05
27.055,0.00011096
27.06,0.00019657
27.065,0.00022746
27.07,0.00020034
27.075,0.00011904
27.08,-1.0469e-05
27.085,-0.00017758
27.09,-0.0003648
27.095,-0.00055033
27.1,-0.00071136
27.105,-0.0008273
27.11,-0.00088006
27.115,-0.00086011
27.12,-0.00077139
27.125,-0.00062968
27.13,-0.00045657
27.135,-0.00027292
27.14,-9.6424e-05
27.145,5.6934e-05
27.15,0.00017625
27.155,0.00025843
27.16,0.00030566
27.165,0.00032158
27.17,0.0003104
27.175,0.00027318
27.18,0.00020742
27.185,0.00010959
27.19,-2.2945e-05
27.195,-0.00018987
27.2,-0.0003878
27.205,-0.00060859
27.21,-0.00083689
27.215,-0.0010486
27.22,-0.0012143
27.225,-0.0013028
27.23,-0.0012892
27.235,-0.0011597
27.24,-0.00091524
27.245,-0.00057163
27.25,-0.00015606
27.255,0.00029635
27.26,0.00075022
27.265,0.0011708
27.27,0.0015222
27.275,0.0017677
27.28,0.0018708
27.285,0.0018032
27.29,0.0015576
27.295,0.001153
27.3,0.00063209
27.305,5.3952e-05
27.31,-0.00051405
27.315,-0.001005
27.32,-0.0013636
27.325,-0.0015527
27.33,-0.0015625
27.335,-0.0014131
27.34,-0.0011512
27.345,-0.00083817
27.35,-0.00053335
27.355,-0.00028487
27.36,-0.00012647
27.365,-7.1651e-05
27.37,-0.00011099
27.375,-0.00021831
27.38,-0.00035842
27.385,-0.00049319
27.39,-0.00058981
27.395,-0.00062774
27.4,-0.00060112
27.405,-0.00051688
27.41,-0.00039005
27.415,-0.00024075
27.42,-8.9708e-05
27.425,5.262e-05
27.43,0.00018892
27.435,0.00032865
27.44,0.00047937
27.445,0.00064058
27.45,0.00080416
27.455,0.00095484
27.46,0.0010732
27.465,0.001141
27.47,0.0011449
27.475,0.0010802
27.48,0.00095422
27.485,0.00078084
27.49,0.0005786
27.495,0.00037516
27.5,0.00020432
27.505,9.8086e-05
27.51,7.9244e-05
27.515,0.00015668
27.52,0.00032112
27.525,0.00054725
27.53,0.00080514
27.535,0.0010643
27.54,0.0012938
27.545,0.001468
27.55,0.0015727
27.555,0.0016061
27.56,0.0015758
27.565,0.0014925
27.57,0.0013655
27.575,0.0012026
27.58,0.0010133
27.585,0.0008118
27.59,0.0006166
27.595,0.00045025
27.6,0.00033737
27.605,0.00030085
27.61,0.00035405
27.615,0.00049427
27.62,0.00070028
27.625,0.00093411
27.63,0.0011476
27.635,0.0012968
27.64,0.0013568
27.645,0.0013217
27.65,0.0011984
27.655,0.0010043
27.66,0.00076421
27.665,0.0005038
27.67,0.00024054
27.675,-1.7617e-05
27.68,-0.0002728
27.685,-0.00053009
27.69,-0.00078771
27.695,-0.0010346
27.7,-0.0012494
27.705,-0.0014038
27.71,-0.0014691
27.715,-0.0014244
27.72,-0.0012642
27.725,-0.0010001
27.73,-0.00066514
27.735,-0.00031034
27.74,1.049e-05
27.745,0.00025439
27.75,0.00039802
27.755,0.00043877
27.76,0.00038983
27.765,0.00027456
27.77,0.00012722
27.775,-9.5619e-06
27.78,-9.8861e-05
27.785,-0.00012255
27.79,-8.1654e-05
27.795,1.4607e-05
27.8,0.00015364
27.805,0.00032327
27.81,0.00051352
27.815,0.00071635
27.82,0.00092794
27.825,0.0011478
27.83,0.0013709
27.835,0.0015826
27.84,0.001763
27.845,0.0018945
27.85,0.001963
27.855,0.0019575
27.86,0.0018732
27.865,0.0017172
27.87,0.0015096
27.875,0.0012779
27.88,0.0010477
27.885,0.00083789
27.89,0.00065939
27.895,0.00051602
27.9,0.00040457
27.905,0.00031917
27.91,0.00025477
27.915,0.00020854
27.92,0.00017795
27.925,0.00016094
27.93,0.00016048
27.935,0.00018229
27.94,0.00022918
27.945,0.00029943
27.95,0.00038504
27.955,0.0004728
27.96,0.00054716
27.965,0.00059127
27.97,0.00059029
27.975,0.00053667
27.98,0.00043394
27.985,0.00029877
27.99,0.00015745
27.995,4.096e-05
28,-2.4695e-05
28.005,-2.5723e-05
28.01,3.6132e-05
28.015,0.00014679
28.02,0.00028313
28.025,0.00041681
28.03,0.00051711
28.035,0.00055659
28.04,0.00052053
28.045,0.00041054
28.05,0.00023926
28.055,2.4516e-05
28.06,-0.00021548
28.065,-0.00046356
28.07,-0.00070511
28.075,-0.00092863
28.08,-0.0011264
28.085,-0.0012921
28.09,-0.0014155
28.095,-0.0014837
28.1,-0.0014837
28.105,-0.0014064
28.11,-0.0012506
28.115,-0.0010279
28.12,-0.00076152
28.125,-0.00048233
28.13,-0.0002225
28.135,-9.7411e-06
28.14,0.00013567
28.145,0.00020425
28.15,0.00020008
28.155,0.00014229
28.16,6.4946e-05
28.165,7.5254e-06
28.17,-5.1845e-07
28.175,5.0824e-05
28.18,0.00014984
28.185,0.00027121
28.19,0.00038003
28.195,0.00043775
28.2,0.00041682
28.205,0.00031225
28.21,0.00013612
28.215,-8.6739e-05
28.22,-0.00032124
28.225,-0.00053227
28.23,-0.00069773
28.235,-0.00080714
28.24,-0.00085783
28.245,-0.00085372
28.25,-0.00080174
28.255,-0.0007086
28.26,-0.00057831
28.265,-0.00040718
28.27,-0.00018533
28.275,9.3786e-05
28.28,0.00043036
28.285,0.00081426
28.29,0.0012219
28.295,0.0016251
28.3,0.0019974
28.305,0.0023165
28.31,0.0025668
28.315,0.002745
28.32,0.0028584
28.325,0.0029216
28.33,0.0029518
28.335,0.0029656
28.34,0.0029785
28.345,0.0030032
28.35,0.0030482
28.355,0.0031122
28.36,0.003183
28.365,0.0032432
28.37,0.0032804
28.375,0.0032909
28.38,0.003276
28.385,0.0032379
28.39,0.0031804
28.395,0.0031049
28.4,0.0030061
28.405,0.0028702
28.41,0.0026744
28.415,0.0023928
28.42,0.0020066
28.425,0.0015093
28.43,0.0009113
28.435,0.00024391
28.44,-0.00044397
28.445,-0.0010914
28.45,-0.0016343
28.455,-0.0020194
28.46,-0.0022201
28.465,-0.0022448
28.47,-0.0021328
28.475,-0.0019424
28.48,-0.0017345
28.485,-0.0015604
28.49,-0.0014571
28.495,-0.0014417
28.5,-0.0015068
28.505,-0.0016268
28.51,-0.00177
28.515,-0.00191
28.52,-0.0020331
28.525,-0.0021354
28.53,-0.00222
28.535,-0.0022916
28.54,-0.0023517
28.545,-0.0023944
28.55,-0.0024064
28.555,-0.0023704
28.56,-0.0022685
28.565,-0.0020852
28.57,-0.0018165
28.575,-0.0014747
28.58,-0.0010838
28.585,-0.00067845
28.59,-0.00029953
28.595,2.0311e-05
28.6,0.00026553
28.605,0.0004402
28.61,0.00056569
28.615,0.000674
28.62,0.00079376
28.625,0.00093855
28.63,0.0011057
28.635,0.0012788
28.64,0.0014316
28.645,0.001533
28.65,0.0015541
28.655,0.0014805
28.66,0.0013201
28.665,0.0010999
28.67,0.00085811
28.675,0.00063329
28.68,0.00045592
28.685,0.00034414
28.69,0.00030486
28.695,0.00033779
28.7,0.0004363
28.705,0.00058347
28.71,0.00075466
28.715,0.0009236
28.72,0.0010639
28.725,0.0011555
28.73,0.0011903
28.735,0.0011729
28.74,0.0011175
28.745,0.0010487
28.75,0.00099365
28.755,0.00097072
28.76,0.00098617
28.765,0.0010309
28.77,0.0010812
28.775,0.0011118
28.78,0.0011037
28.785,0.001042
28.79,0.00092637
28.795,0.0007801
28.8,0.00063977
28.805,0.00053602
28.81,0.00048062
28.815,0.000469
28.82,0.00049045
28.825,0.00052921
28.83,0.0005619
28.835,0.00056274
28.84,0.00051172
28.845,0.0003985
28.85,0.00022738
28.855,1.6512e-05
28.86,-0.00020704
28.865,-0.00040963
28.87,-0.00056084
28.875,-0.00064309
28.88,-0.00065508
28.885,-0.00060832
28.89,-0.00052192
28.895,-0.00041894
28.9,-0.00032027
28.905,-0.00023898
28.91,-0.00017996
28.915,-0.00014108
28.92,-0.00011859
28.925,-0.00011683
28.93,-0.00015421
28.935,-0.00025498
28.94,-0.00044026
28.945,-0.00072585
28.95,-0.0011158
28.955,-0.0015925
28.96,-0.0021159
28.965,-0.0026357
28.97,-0.0031038
28.975,-0.0034839
28.98,-0.0037538
28.985,-0.0039075
28.99,-0.0039529
28.995,-0.0039068
29,-0.0037888
29.005,-0.0036169
29.01,-0.0034073
29.015,-0.0031746
29.02,-0.0029335
29.025,-0.0026958
29.03,-0.0024673
29.035,-0.0022518
29.04,-0.0020554
29.045,-0.0018877
29.05,-0.0017593
29.055,-0.0016814
29.06,-0.0016608
29.065,-0.0016928
29.07,-0.0017595
29.075,-0.0018365
29.08,-0.0019005
29.085,-0.0019294
29.09,-0.0019013
29.095,-0.0017972
29.1,-0.001611
29.105,-0.0013561
29.11,-0.0010606
29.115,-0.00076082
29.12,-0.00049375
29.125,-0.00028922
29.13,-0.00015975
29.135,-9.3093e-05
29.14,-5.6138e-05
29.145,-7.6438e-06
29.15,8.873e-05
29.155,0.00026053
29.16,0.0005244
29.165,0.00087748
29.17,0.0012916
29.175,0.0017237
29.18,0.0021315
29.185,0.0024806
29.19,0.0027471
29.195,0.0029245
29.2,0.0030242
29.205,0.0030662
29.21,0.0030637
29.215,0.0030139
29.22,0.0029009
29.225,0.0027057
29.23,0.0024111
29.235,0.0020061
29.24,0.0014952
29.245,0.00090952
29.25,0.00030534
29.255,-0.00025118
29.26,-0.00069615
29.265,-0.00097662
29.27,-0.0010626
29.275,-0.00095605
29.28,-0.00069047
29.285,-0.00032339
29.29,7.3881e-05
29.295,0.00043127
29.3,0.0006925
29.305,0.00081949
29.31,0.00079803
29.315,0.00063962
29.32,0.00036762
29.325,2.8935e-06
29.33,-0.00043768
29.335,-0.00093242
29.34,-0.0014481
29.345,-0.0019413
29.35,-0.0023658
29.355,-0.0026776
29.36,-0.0028365
29.365,-0.0028125
29.37,-0.0025993
29.375,-0.0022207
29.38,-0.0017225
29.385,-0.0011659
29.39,-0.00062457
29.395,-0.00017649
29.4,0.00010748
29.405,0.00018068
29.41,3.6542e-05
29.415,-0.00029507
29.42,-0.00076344
29.425,-0.0013063
29.43,-0.0018586
29.435,-0.0023619
29.44,-0.0027802
29.445,-0.0031007
29.45,-0.003326
29.455,-0.0034699
29.46,-0.0035506
29.465,-0.0035792
29.47,-0.0035554
29.475,-0.0034758
29.48,-0.0033397
29.485,-0.0031505
29.49,-0.0029221
29.495,-0.0026772
29.5,-0.0024455
29.505,-0.0022614
29.51,-0.0021528
29.515,-0.0021336
29.52,-0.0022039
29.525,-0.0023525
29.53,-0.0025631
29.535,-0.0028083
29.54,-0.0030504
29.545,-0.0032527
29.55,-0.0033938
29.555,-0.0034739
29.56,-0.00351
29.565,-0.0035263
29.57,-0.003544
29.575,-0.0035786
29.58,-0.0036333
29.585,-0.0036967
29.59,-0.0037456
29.595,-0.0037488
29.6,-0.0036773
29.605,-0.0035154
29.61,-0.003265
29.615,-0.0029444
29.62,-0.0025845
29.625,-0.0022227
29.63,-0.0018888
29.635,-0.0015989
29.64,-0.0013567
29.645,-0.0011549
29.65,-0.00097448
29.655,-0.00078816
29.66,-0.00056374
29.665,-0.0002762
29.67,8.4346e-05
29.675,0.00051078
29.68,0.00098168
29.685,0.0014674
29.69,0.0019378
29.695,0.0023705
29.7,0.0027561
29.705,0.0030935
29.71,0.003384
29.715,0.0036318
29.72,0.0038463
29.725,0.00404
29.73,0.0042197
29.735,0.0043799
29.74,0.0045062
29.745,0.0045819
29.75,0.0045958
29.755,0.0045467
29.76,0.0044454
29.765,0.0043134
29.77,0.0041799
29.775,0.00407
29.78,0.0039967
29.785,0.0039595
29.79,0.0039408
29.795,0.0039088
29.8,0.0038332
29.805,0.0036946
29.81,0.0034827
29.815,0.003193
29.82,0.0028223
29.825,0.0023706
29.83,0.0018445
29.835,0.0012571
29.84,0.00062359
29.845,-4.2299e-05
29.85,-0.00072386
29.855,-0.0013938
29.86,-0.0020169
29.865,-0.0025581
29.87,-0.0029919
29.875,-0.0033075
29.88,-0.0035093
29.885,-0.0036111
29.89,-0.0036276
29.895,-0.0035732
29.9,-0.003466
29.905,-0.0033289
29.91,-0.0031862
29.915,-0.0030589
29.92,-0.002963
29.925,-0.0029088
29.93,-0.0029014
29.935,-0.0029394
29.94,-0.0030147
29.945,-0.0031127
29.95,-0.0032124
29.955,-0.0032909
29.96,-0.0033292
29.965,-0.0033206
29.97,-0.0032688
29.975,-0.0031866
29.98,-0.0030931
29.985,-0.0030104
29.99,-0.0029547
29.995,-0.0029344
30,-0.0029484
30.005,-0.0029849
30.01,-0.0030284
30.015,-0.0030629
30.02,-0.0030721
30.025,-0.0030455
30.03,-0.0029841
30.035,-0.0028948
30.04,-0.0027833
30.045,-0.00265
30.05,-0.0024925
30.055,-0.0023071
30.06,-0.0020898
30.065,-0.0018382
30.07,-0.0015481
30.075,-0.0012174
30.08,-0.00085589
30.085,-0.00048749
30.09,-0.00014366
30.095,0.00014655
30.1,0.00036323
30.105,0.00049561
30.11,0.00054796
30.115,0.00054455
30.12,0.00052308
30.125,0.00052525
30.13,0.00058834
30.135,0.00073691
30.14,0.00097702
30.145,0.0012958
30.15,0.0016645
30.155,0.0020465
30.16,0.0024054
30.165,0.0027103
30.17,0.002939
30.175,0.00308
30.18,0.0031285
30.185,0.0030846
30.19,0.0029597
30.195,0.0027755
30.2,0.0025592
30.205,0.0023377
30.21,0.0021381
30.215,0.0019843
30.22,0.0018934
30.225,0.0018732
30.23,0.0019202
30.235,0.0020181
30.24,0.0021408
30.245,0.0022616
30.25,0.002363
30.255,0.0024351
30.26,0.0024711
30.265,0.0024699
30.27,0.0024399
30.275,0.0023988
30.28,0.0023657
30.285,0.0023475
30.29,0.0023319
30.295,0.0022916
30.3,0.0021966
30.305,0.0020294
30.31,0.0017917
30.315,0.0015041
30.32,0.0011977
30.325,0.00090733
30.33,0.00066466
30.335,0.00048797
30.34,0.00037311
30.345,0.00029713
30.35,0.00022635
30.355,0.00012167
30.36,-5.6898e-05
30.365,-0.00034107
30.37,-0.00073756
30.375,-0.0012248
30.38,-0.0017607
30.385,-0.0022941
30.39,-0.0027776
30.395,-0.0031764
30.4,-0.0034701
30.405,-0.0036524
30.41,-0.0037288
30.415,-0.0037111
30.42,-0.0036105
30.425,-0.0034355
30.43,-0.0031958
30.435,-0.0029032
30.44,-0.0025684
30.445,-0.0022025
30.45,-0.0018127
30.455,-0.0014004
30.46,-0.00096722
30.465,-0.00052095
30.47,-7.3798e-05
30.475,0.00036409
30.48,0.00078409
30.485,0.0011754
30.49,0.0015301
30.495,0.001848
30.5,0.0021346
30.505,0.002393
30.51,0.0026215
30.515,0.0028166
30.52,0.0029763
30.525,0.0031022
30.53,0.0031963
30.535,0.003262
30.54,0.0033065
30.545,0.0033382
30.55,0.0033636
30.555,0.0033869
30.56,0.0034108
30.565,0.003436
30.57,0.0034653
30.575,0.0035037
30.58,0.0035592
30.585,0.0036424
30.59,0.0037619
30.595,0.0039184
30.6,0.0041036
30.605,0.0042996
30.61,0.0044809
30.615,0.0046209
30.62,0.004699
30.625,0.0047082
30.63,0.0046559
30.635,0.0045571
30.64,0.004429
30.645,0.0042861
30.65,0.004135
30.655,0.0039744
30.66,0.0037982
30.665,0.0036046
30.67,0.0033983
30.675,0.0031862
30.68,0.0029742
30.685,0.002765
30.69,0.0025553
30.695,0.0023364
30.7,0.0020945
30.705,0.0018197
30.71,0.0015164
30.715,0.0012048
30.72,0.00091845
30.725,0.00069669
30.73,0.00057536
30.735,0.00057486
30.74,0.000687
30.745,0.00086973
30.75,0.0010557
30.755,0.0011684
30.76,0.0011429
30.765,0.00094615
30.77,0.00058761
30.775,0.00011735
30.78,-0.0003842
30.785,-0.00082622
30.79,-0.0011292
30.795,-0.0012324
30.8,-0.0011033
30.805,-0.0007493
30.81,-0.00021635
30.815,0.00041604
30.82,0.0010576
30.825,0.0016328
30.83,0.0020917
30.835,0.0024105
30.84,0.002586
30.845,0.0026337
30.85,0.0025783
30.855,0.0024434
30.86,0.002247
30.865,0.0020016
30.87,0.0017159
30.875,0.0013977
30.88,0.0010536
30.885,0.00068836
30.89,0.00030717
30.895,-8.1057e-05
30.9,-0.0004635
30.905,-0.00082647
30.91,-0.0011551
30.915,-0.0014344
30.92,-0.0016552
30.925,-0.0018202
30.93,-0.0019452
30.935,-0.0020566
30.94,-0.0021809
30.945,-0.0023356
30.95,-0.0025219
30.955,-0.002722
30.96,-0.0029037
30.965,-0.0030343
30.97,-0.0030919
30.975,-0.0030702
30.98,-0.0029826
30.985,-0.0028615
30.99,-0.0027516
30.995,-0.0026968
31,-0.0027311
31.005,-0.0028702
31.01,-0.0031026
31.015,-0.0033863
31.02,-0.0036555
31.025,-0.0038442
31.03,-0.0039042
31.035,-0.0038068
31.04,-0.0035479
31.045,-0.0031555
31.05,-0.0026861
31.055,-0.0022161
31.06,-0.0018225
31.065,-0.0015622
31.07,-0.001466
31.075,-0.0015337
31.08,-0.0017387
31.085,-0.0020361
31.09,-0.0023714
31.095,-0.002694
31.1,-0.0029646
31.105,-0.003159
31.11,-0.0032697
31.115,-0.0033021
31.12,-0.0032718
31.125,-0.0032015
31.13,-0.0031161
31.135,-0.0030365
31.14,-0.0029746
31.145,-0.0029339
31.15,-0.002909
31.155,-0.0028952
31.16,-0.0028942
31.165,-0.0029111
31.17,-0.002953
31.175,-0.0030266
31.18,-0.0031332
31.185,-0.003265
31.19,-0.0034109
31.195,-0.0035635
31.2,-0.0037182
31.205,-0.0038732
31.21,-0.004028
31.215,-0.0041794
31.22,-0.0043234
31.225,-0.0044581
31.23,-0.0045781
31.235,-0.0046721
31.24,-0.0047238
31.245,-0.0047176
31.25,-0.004645
31.255,-0.0045082
31.26,-0.0043226
31.265,-0.0041118
31.27,-0.0038995
31.275,-0.0036998
31.28,-0.0035153
31.285,-0.0033442
31.29,-0.0031897
31.295,-0.0030606
31.3,-0.002971
31.305,-0.0029393
31.31,-0.0029809
31.315,-0.0031053
31.32,-0.003315
31.325,-0.003599
31.33,-0.0039286
31.335,-0.0042588
31.34,-0.0045357
31.345,-0.0047103
31.35,-0.0047416
31.355,-0.0046055
31.36,-0.0043074
31.365,-0.0038798
31.37,-0.0033661
31.375,-0.0028066
31.38,-0.0022285
31.385,-0.0016452
31.39,-0.0010639
31.395,-0.00049272
31.4,5.5781e-05
31.405,0.00056652
31.41,0.001024
31.415,0.0014148
31.42,0.0017249
31.425,0.0019402
31.43,0.0020535
31.435,0.0020662
31.44,0.0019936
31.445,0.0018689
31.45,0.0017454
31.455,0.0016905
31.46,0.0017764
31.465,0.0020617
31.47,0.0025664
31.475,0.0032635
31.48,0.0040937
31.485,0.0049837
31.49,0.0058615
31.495,0.0066616
31.5,0.0073281
31.505,0.0078243
31.51,0.0081355
31.515,0.008264
31.52,0.0082279
31.525,0.008061
31.53,0.007807
31.535,0.0075091
31.54,0.0072056
31.545,0.0069271
31.55,0.0066921
31.555,0.0065028
31.56,0.0063424
31.565,0.0061787
31.57,0.0059742
31.575,0.0056951
31.58,0.0053231
31.585,0.0048669
31.59,0.0043682
31.595,0.0038912
31.6,0.0035
31.605,0.003241
31.61,0.0031338
31.615,0.0031684
31.62,0.0033061
31.625,0.0034879
31.63,0.0036481
31.635,0.0037325
31.64,0.003709
31.645,0.0035698
31.65,0.0033257
31.655,0.0030021
31.66,0.0026376
31.665,0.0022768
31.67,0.0019589
31.675,0.0017096
31.68,0.001539
31.685,0.0014418
31.69,0.0014048
31.695,0.0014144
31.7,0.0014617
31.705,0.0015436
31.71,0.0016571
31.715,0.0017971
31.72,0.0019552
31.725,0.0021178
31.73,0.0022656
31.735,0.0023737
31.74,0.0024153
31.745,0.0023622
31.75,0.0021865
31.755,0.001874
31.76,0.0014247
31.765,0.0008525
31.77,0.000186
31.775,-0.00053698
31.78,-0.0012746
31.785,-0.0019879
31.79,-0.0026433
31.795,-0.003204
31.8,-0.0036298
31.805,-0.0038868
31.81,-0.0039612
31.815,-0.0038715
31.82,-0.0036661
31.825,-0.0034104
31.83,-0.0031701
31.835,-0.0029986
31.84,-0.0029317
31.845,-0.0029808
31.85,-0.0031315
31.855,-0.0033494
31.86,-0.0035931
31.865,-0.0038259
31.87,-0.0040279
31.875,-0.0041963
31.88,-0.0043397
31.885,-0.0044759
31.89,-0.0046257
31.895,-0.0048044
31.9,-0.0050134
31.905,-0.0052385
31.91,-0.0054514
31.915,-0.0056156
31.92,-0.0056997
31.925,-0.0056885
31.93,-0.0055937
31.935,-0.0054558
31.94,-0.0053315
31.945,-0.0052749
31.95,-0.0053207
31.955,-0.0054735
31.96,-0.0057122
31.965,-0.0059968
31.97,-0.0062724
31.975,-0.0064801
31.98,-0.0065705
31.985,-0.0065108
31.99,-0.0062906
31.995,-0.0059293
32,-0.0054782
32.005,-0.0050082
32.01,-0.0045889
32.015,-0.0042732
32.02,-0.0040886
32.025,-0.0040423
32.03,-0.0041209
32.035,-0.0042855
32.04,-0.0044737
32.045,-0.0046158
32.05,-0.0046492
32.055,-0.0045286
32.06,-0.0042267
32.065,-0.0037329
32.07,-0.0030611
32.075,-0.0022506
32.08,-0.0013631
32.085,-0.0004714
32.09,0.00035013
32.095,0.0010303
32.1,0.0015059
32.105,0.0017272
32.11,0.0016674
32.115,0.0013313
32.12,0.00076017
32.125,2.9162e-05
32.13,-0.00077014
32.135,-0.0015492
32.14,-0.0022313
32.145,-0.0027608
32.15,-0.00311
32.155,-0.0032802
32.16,-0.0032985
32.165,-0.003197
32.17,-0.0029938
32.175,-0.0026905
32.18,-0.0022812
32.185,-0.0017682
32.19,-0.0011659
32.195,-0.00050114
32.2,0.00018718
32.205,0.00084342
32.21,0.0013932
32.215,0.0017494
32.22,0.0018376
32.225,0.0016233
32.23,0.0011258
32.235,0.00041458
32.24,-0.000402
32.245,-0.0012003
32.25,-0.0018693
32.255,-0.0023343
32.26,-0.002563
32.265,-0.0025594
32.27,-0.0023553
32.275,-0.0020004
32.28,-0.0015512
32.285,-0.001058
32.29,-0.00055988
32.295,-8.7324e-05
32.3,0.00033559
32.305,0.00068901
32.31,0.00095866
32.315,0.0011368
32.32,0.0012201
32.325,0.0012095
32.33,0.0011135
32.335,0.00094628
32.34,0.00072521
32.345,0.00046765
32.35,0.00018929
32.355,-9.213e-05
32.36,-0.00035943
32.365,-0.00059753
32.37,-0.00079296
32.375,-0.00092982
32.38,-0.00098868
32.385,-0.00095236
32.39,-0.0008147
32.395,-0.00058369
32.4,-0.00028112
32.405,6.318e-05
32.41,0.00041957
32.415,0.00076764
32.42,0.0011036
32.425,0.0014424
32.43,0.0018134
32.435,0.0022502
32.44,0.0027764
32.445,0.0033898
32.45,0.004056
32.455,0.0047143
32.46,0.0052921
32.465,0.0057223
32.47,0.0059621
32.475,0.0060003
32.48,0.0058623
32.485,0.005606
32.49,0.0053131
32.495,0.0050711
32.5,0.0049502
32.505,0.004992
32.51,0.0052082
32.515,0.0055822
32.52,0.0060753
32.525,0.006631
32.53,0.0071832
32.535,0.0076644
32.54,0.0080118
32.545,0.0081837
32.55,0.0081744
32.555,0.008015
32.56,0.0077592
32.565,0.0074632
32.57,0.0071737
32.575,0.006924
32.58,0.0067269
32.585,0.0065696
32.59,0.0064152
32.595,0.0062224
32.6,0.0059668
32.605,0.0056485
32.61,0.0052961
32.615,0.004966
32.62,0.0047322
32.625,0.0046649
32.63,0.0048084
32.635,0.0051586
32.64,0.0056539
32.645,0.0061874
32.65,0.0066345
32.655,0.0068888
32.66,0.0068974
32.665,0.0066804
32.67,0.0063269
32.675,0.0059619
32.68,0.0057046
32.685,0.0056313
32.69,0.0057552
32.695,0.0060266
32.7,0.0063505
32.705,0.0066119
32.71,0.0067089
32.715,0.0065875
32.72,0.0062547
32.725,0.0057669
32.73,0.005211
32.735,0.0046791
32.74,0.0042451
32.745,0.0039478
32.75,0.0037843
32.755,0.0037145
32.76,0.0036709
32.765,0.0035767
32.77,0.0033613
32.775,0.0029702
32.78,0.0023754
32.785,0.0015786
32.79,0.00061727
32.795,-0.00042535
32.8,-0.0014288
32.805,-0.0022654
32.81,-0.0028293
32.815,-0.0030579
32.82,-0.0029404
32.825,-0.0025175
32.83,-0.001875
32.835,-0.0011312
32.84,-0.00041692
32.845,0.00015104
32.85,0.00049154
32.855,0.00057277
32.86,0.00041999
32.865,0.00011316
32.87,-0.00023478
32.875,-0.00050504
32.88,-0.00059932
32.885,-0.00045784
32.89,-7.2704e-05
32.895,0.0005059
32.9,0.0011822
32.905,0.001842
32.91,0.0023907
32.915,0.0027834
32.92,0.0030284
32.925,0.0031755
32.93,0.0032909
32.935,0.0034226
32.94,0.0035742
32.945,0.003697
32.95,0.0037055
32.955,0.0035127
32.96,0.0030727
32.965,0.0024042
32.97,0.001589
32.975,0.00074818
32.98,8.0896e-06
32.985,-0.00052891
32.99,-0.00080065
32.995,-0.00079014
33,-0.00052391
33.005,-6.6668e-05
33.01,0.00049147
33.015,0.0010582
33.02,0.0015503
33.025,0.0018966
33.03,0.0020472
33.035,0.0019864
33.04,0.0017302
33.045,0.0013212
33.05,0.00082088
33.055,0.00029599
33.06,-0.00019681
33.065,-0.0006202
33.07,-0.00095582
33.075,-0.0012069
33.08,-0.001399
33.085,-0.0015738
33.09,-0.001778
33.095,-0.0020497
33.1,-0.002407
33.105,-0.0028424
33.11,-0.0033169
33.115,-0.0037664
33.12,-0.0041107
33.125,-0.0042684
33.13,-0.0041822
33.135,-0.0038355
33.14,-0.0032577
33.145,-0.0025185
33.15,-0.0017168
33.155,-0.00096811
33.16,-0.00038315
33.165,-4.7862e-05
33.17,-1.2402e-05
33.175,-0.00028541
33.18,-0.00083369
33.185,-0.001593
33.19,-0.0024847
33.195,-0.0034335
33.2,-0.0043693
33.205,-0.0052208
33.21,-0.0059198
33.215,-0.0064044
33.22,-0.0066212
33.225,-0.0065321
33.23,-0.0061285
33.235,-0.0054448
33.24,-0.0045654
33.245,-0.0036098
33.25,-0.002704
33.255,-0.0019531
33.26,-0.0014229
33.265,-0.0011255
33.27,-0.0010156
33.275,-0.0010023
33.28,-0.00097114
33.285,-0.00081483
33.29,-0.00045639
33.295,0.00013853
33.3,0.00095317
33.305,0.0019155
33.31,0.0029103
33.315,0.0038116
33.32,0.0045193
33.325,0.0049813
33.33,0.0051969
33.335,0.0052071
33.34,0.0050793
33.345,0.0048898
33.35,0.0047095
33.355,0.0045919
33.36,0.0045663
33.365,0.004638
33.37,0.0047937
33.375,0.0050053
33.38,0.0052285
33.385,0.0054068
33.39,0.005479
33.395,0.0053875
33.4,0.0050919
33.405,0.0045853
33.41,0.0038979
33.415,0.003094
33.42,0.0022618
33.425,0.0014964
33.43,0.00088398
33.435,0.00048568
33.44,0.00031933
33.445,0.00034462
33.45,0.00046872
33.455,0.0005789
33.46,0.0005818
33.465,0.00043443
33.47,0.00014927
33.475,-0.00022171
33.48,-0.00060638
33.485,-0.00093422
33.49,-0.0011632
33.495,-0.0013025
33.5,-0.0014178
33.505,-0.0016103
33.51,-0.0019853
33.515,-0.0026233
33.52,-0.003558
33.525,-0.0047638
33.53,-0.0061608
33.535,-0.0076313
33.54,-0.0090391
33.545,-0.010253
33.55,-0.011163
33.555,-0.011688
33.56,-0.011789
33.565,-0.011473
33.57,-0.010799
33.575,-0.0098769
33.58,-0.0088482
33.585,-0.0078604
33.59,-0.0070329
33.595,-0.0064368
33.6,-0.0060961
33.605,-0.006
33.61,-0.0061164
33.615,-0.006399
33.62,-0.0067897
33.625,-0.0072244
33.63,-0.0076381
33.635,-0.0079693
33.64,-0.0081669
33.645,-0.0081912
33.65,-0.0080113
33.655,-0.0076062
33.66,-0.0069694
33.665,-0.0061148
33.67,-0.0050813
33.675,-0.0039347
33.68,-0.0027565
33.685,-0.0016247
33.69,-0.00058886
33.695,0.00034168
33.7,0.0011863
33.705,0.0019834
33.71,0.0027775
33.715,0.003598
33.72,0.0044384
33.725,0.0052521
33.73,0.0059633
33.735,0.0064885
33.74,0.0067528
33.745,0.0067026
33.75,0.0063231
33.755,0.0056515
33.76,0.0047744
33.765,0.0038067
33.77,0.0028611
33.775,0.0020307
33.78,0.0013895
33.785,0.00099248
33.79,0.00086989
33.795,0.0010234
33.8,0.0014312
33.805,0.0020551
33.81,0.0028388
33.815,0.0037085
33.82,0.0045713
33.825,0.0053171
33.83,0.0058352
33.835,0.0060352
33.84,0.0058688
33.845,0.0053391
33.85,0.0045031
33.855,0.0034647
33.86,0.0023568
33.865,0.0013256
33.87,0.00051354
33.875,4.1394e-05
33.88,-1.996e-05
33.885,0.00031764
33.89,0.00094842
33.895,0.0016964
33.9,0.0023623
33.905,0.002771
33.91,0.0028097
33.915,0.0024545
33.92,0.0017755
33.925,0.0009055
33.93,-6.6427e-06
33.935,-0.00083888
33.94,-0.0015164
33.945,-0.0020078
33.95,-0.0023151
33.955,-0.0024656
33.96,-0.0025022
33.965,-0.0024723
33.97,-0.0024205
33.975,-0.0023853
33.98,-0.002393
33.985,-0.0024476
33.99,-0.002533
33.995,-0.0026302
34,-0.0027328
34.005,-0.0028427
34.01,-0.002957
34.015,-0.0030614
34.02,-0.0031351
34.025,-0.0031643
34.03,-0.00315
34.035,-0.0031117
34.04,-0.0030903
34.045,-0.0031413
34.05,-0.0033171
34.055,-0.0036439
34.06,-0.0041044
34.065,-0.0046371
34.07,-0.0051464
34.075,-0.0055225
34.08,-0.0056726
34.085,-0.0055476
34.09,-0.0051632
34.095,-0.0045992
34.1,-0.0039719
34.105,-0.0033949
34.11,-0.0029552
34.115,-0.0027104
34.12,-0.0026891
34.125,-0.0028879
34.13,-0.0032667
34.135,-0.0037554
34.14,-0.0042654
34.145,-0.0047014
34.15,-0.00498
34.155,-0.0050483
34.16,-0.0048977
34.165,-0.0045698
34.17,-0.0041426
34.175,-0.0037087
34.18,-0.0033509
34.185,-0.0031242
34.19,-0.0030465
34.195,-0.0030957
34.2,-0.0032146
34.205,-0.0033308
34.21,-0.0033821
34.215,-0.003334
34.22,-0.0031888
34.225,-0.002985
34.23,-0.0027931
34.235,-0.0026989
34.24,-0.0027735
34.245,-0.0030446
34.25,-0.0034815
34.255,-0.0040036
34.26,-0.0045011
34.265,-0.004862
34.27,-0.0050032
34.275,-0.0048902
34.28,-0.0045394
34.285,-0.0040098
34.29,-0.0033836
34.295,-0.0027393
34.3,-0.0021374
34.305,-0.0016138
34.31,-0.0011758
34.315,-0.00080623
34.32,-0.00047554
34.325,-0.00015142
34.33,0.00019803
34.335,0.00060167
34.34,0.0010817
34.345,0.0016425
34.35,0.002264
34.355,0.0029083
34.36,0.0035328
34.365,0.0041028
34.37,0.0045968
34.375,0.0050098
34.38,0.0053531
34.385,0.0056446
34.39,0.0059026
34.395,0.0061458
34.4,0.0063915
34.405,0.0066521
34.41,0.0069324
34.415,0.0072269
34.42,0.007518
34.425,0.0077833
34.43,0.0080019
34.435,0.0081601
34.44,0.0082578
34.445,0.0083061
34.45,0.0083177
34.455,0.0083004
34.46,0.0082493
34.465,0.0081463
34.47,0.0079667
34.475,0.0076898
34.48,0.0073148
34.485,0.006862
34.49,0.0063646
34.495,0.0058551
34.5,0.0053537
34.505,0.0048615
34.51,0.0043597
34.515,0.0038168
34.52,0.0032041
34.525,0.0025177
34.53,0.0017895
34.535,0.0010794
34.54,0.0004595
34.545,-1.003e-05
34.55,-0.00029841
34.555,-0.00041681
34.56,-0.00041737
34.565,-0.00037858
34.57,-0.0003873
34.575,-0.00051597
34.58,-0.00080301
34.585,-0.0012445
34.59,-0.0017973
34.595,-0.0023884
34.6,-0.002932
34.605,-0.0033509
34.61,-0.0035989
34.615,-0.0036754
34.62,-0.003625
34.625,-0.0035179
34.63,-0.0034305
34.635,-0.0034237
34.64,-0.0035178
34.645,-0.0036863
34.65,-0.0038704
34.655,-0.0040031
34.66,-0.004028
34.665,-0.0039123
34.67,-0.0036529
34.675,-0.0032804
34.68,-0.0028454
34.685,-0.0023957
34.69,-0.001959
34.695,-0.0015443
34.7,-0.0011549
34.705,-0.00079302
34.71,-0.00046026
34.715,-0.00015858
34.72,0.00010715
34.725,0.00032781
34.73,0.00049536
34.735,0.00061379
34.74,0.0007023
34.745,0.0007841
34.75,0.00088502
34.755,0.00103
34.76,0.0012365
34.765,0.0015121
34.77,0.0018543
34.775,0.0022513
34.78,0.0026858
34.785,0.0031315
34.79,0.0035558
34.795,0.003928
34.8,0.0042275
34.805,0.0044471
34.81,0.0045956
34.815,0.0046958
34.82,0.0047755
34.825,0.0048608
34.83,0.0049762
34.835,0.0051367
34.84,0.0053402
34.845,0.0055618
34.85,0.005755
34.855,0.0058601
34.86,0.0058234
34.865,0.0056219
34.87,0.0052684
34.875,0.0047976
34.88,0.0042493
34.885,0.0036583
34.89,0.0030496
34.895,0.0024389
34.9,0.0018238
34.905,0.0011731
34.91,0.00044012
34.915,-0.00040578
34.92,-0.0013565
34.925,-0.002358
34.93,-0.003317
34.935,-0.0041124
34.94,-0.0046148
34.945,-0.0047157
34.95,-0.0043559
34.955,-0.0035483
34.96,-0.0023909
34.965,-0.0010664
34.97,0.0001911
34.975,0.0011629
34.98,0.0017029
34.985,0.0017568
34.99,0.0013547
34.995,0.00058507
35,-0.00042748
35.005,-0.0015423
35.01,-0.0026268
35.015,-0.0035619
35.02,-0.0042448
35.025,-0.0046048
35.03,-0.0046209
35.035,-0.0043205
35.04,-0.0037675
35.045,-0.0030462
35.05,-0.0022467
35.055,-0.0014538
35.06,-0.0007352
35.065,-0.00012915
35.07,0.0003609
35.075,0.00075219
35.08,0.0010661
35.085,0.0013214
35.09,0.0015284
35.095,0.0016802
35.1,0.0017533
35.105,0.0017181
35.11,0.0015588
35.115,0.0012819
35.12,0.00090662
35.125,0.00046283
35.13,-8.0246e-06
35.135,-0.00045691
35.14,-0.00082793
35.145,-0.0010702
35.15,-0.0011515
35.155,-0.0010637
35.16,-0.00083055
35.165,-0.00051072
35.17,-0.00019304
35.175,1.4777e-05
35.18,9.2553e-06
35.185,-0.00027129
35.19,-0.00081716
35.195,-0.0015457
35.2,-0.0023307
35.205,-0.0030404
35.21,-0.0035687
35.215,-0.0038542
35.22,-0.0038897
35.225,-0.0037201
35.23,-0.0034314
35.235,-0.0031328
35.24,-0.0029405
35.245,-0.0029514
35.25,-0.0032074
35.255,-0.0036744
35.26,-0.0042369
35.265,-0.0047088
35.27,-0.0048705
35.275,-0.0045253
35.28,-0.0035667
35.285,-0.0020184
35.29,-3.3163e-05
35.295,0.0021544
35.3,0.0042998
35.305,0.0061927
35.31,0.007682
35.315,0.0087018
35.32,0.0092828
35.325,0.0095316
35.33,0.009589
35.335,0.0095856
35.34,0.0096159
35.345,0.0097266
35.35,0.0099104
35.355,0.01011
35.36,0.010236
35.365,0.010199
35.37,0.0099445
35.375,0.0094661
35.38,0.0088193
35.385,0.0081242
35.39,0.0075402
35.395,0.0072163
35.4,0.0072443
35.405,0.0076514
35.41,0.0084122
35.415,0.0094516
35.42,0.010637
35.425,0.011781
35.43,0.012683
35.435,0.013178
35.44,0.013155
35.445,0.012555
35.45,0.011353
35.455,0.0095853
35.46,0.0073527
35.465,0.0048174
35.47,0.0021707
35.475,-0.00039924
35.48,-0.0027276
35.485,-0.0046822
35.49,-0.0061709
35.495,-0.0071346
35.5,-0.0075422
35.505,-0.0074018
35.51,-0.0067784
35.515,-0.0057892
35.52,-0.0045801
35.525,-0.003297
35.53,-0.0020644
35.535,-0.00096859
35.54,-4.7468e-05
35.545,0.00069684
35.55,0.0012625
35.555,0.0016143
35.56,0.0016768
35.565,0.0013622
35.57,0.00061806
35.575,-0.00053583
35.58,-0.0019933
35.585,-0.0035709
35.59,-0.0050481
35.595,-0.0062272
35.6,-0.0069809
35.605,-0.0072633
35.61,-0.0070939
35.615,-0.0065381
35.62,-0.0056947
35.625,-0.0046925
35.63,-0.0036769
35.635,-0.0027865
35.64,-0.0021322
35.645,-0.0017821
35.65,-0.0017544
35.655,-0.0020135
35.66,-0.002477
35.665,-0.0030339
35.67,-0.0035761
35.675,-0.004031
35.68,-0.0043698
35.685,-0.0046001
35.69,-0.0047611
35.695,-0.0049125
35.7,-0.0051096
35.705,-0.005379
35.71,-0.0057117
35.715,-0.0060744
35.72,-0.0064252
35.725,-0.0067208
35.73,-0.0069142
35.735,-0.0069562
35.74,-0.0068144
35.745,-0.0064903
35.75,-0.0060209
35.755,-0.0054606
35.76,-0.0048677
35.765,-0.0043016
35.77,-0.0038216
35.775,-0.0034844
35.78,-0.0033325
35.785,-0.0033782
35.79,-0.0035995
35.795,-0.0039374
35.8,-0.0043056
35.805,-0.0046177
35.81,-0.0048146
35.815,-0.0048747
35.82,-0.0048077
35.825,-0.0046498
35.83,-0.0044674
35.835,-0.0043489
35.84,-0.004371
35.845,-0.004568
35.85,-0.0049169
35.855,-0.0053414
35.86,-0.0057282
35.865,-0.0059523
35.87,-0.0059059
35.875,-0.0055333
35.88,-0.004854
35.885,-0.0039586
35.89,-0.0029839
35.895,-0.0020818
35.9,-0.001386
35.905,-0.0009894
35.91,-0.00093206
35.915,-0.0011946
35.92,-0.0017037
35.925,-0.0023471
35.93,-0.0029888
35.935,-0.0034863
35.94,-0.003717
35.945,-0.0036059
35.95,-0.0031425
35.955,-0.0023816
35.96,-0.0014291
35.965,-0.00041818
35.97,0.00051654
35.975,0.0012626
35.98,0.0017515
35.985,0.0019624
35.99,0.0019157
35.995,0.0016617
36,0.0012703
36.005,0.00081627
36.01,0.00036399
36.015,-3.9592e-05
36.02,-0.00036191
36.025,-0.0005839
36.03,-0.00070901
36.035,-0.00076232
36.04,-0.00077087
36.045,-0.00075171
36.05,-0.00070961
36.055,-0.0006411
36.06,-0.00053572
36.065,-0.00037508
36.07,-0.00013745
36.075,0.00018374
36.08,0.00056975
36.085,0.0009865
36.09,0.0013979
36.095,0.001772
36.1,0.0020808
36.105,0.0023013
36.11,0.002419
36.115,0.0024312
36.12,0.0023466
36.125,0.0021788
36.13,0.0019399
36.135,0.0016422
36.14,0.0013011
36.145,0.0009353
36.15,0.00056614
36.155,0.00022196
36.16,-6.8075e-05
36.165,-0.00028225
36.17,-0.00041113
36.175,-0.00046027
36.18,-0.00044478
36.185,-0.00038435
36.19,-0.00029872
36.195,-0.00020278
36.2,-9.9609e-05
36.205,2.2414e-05
36.21,0.00018209
36.215,0.00039574
36.22,0.00067267
36.225,0.0010206
36.23,0.0014538
36.235,0.0019857
36.24,0.0026189
36.245,0.0033461
36.25,0.004154
36.255,0.0050218
36.26,0.0059153
36.265,0.0067889
36.27,0.0075992
36.275,0.0083198
36.28,0.0089474
36.285,0.0094941
36.29,0.0099841
36.295,0.010447
36.3,0.010911
36.305,0.0114
36.31,0.011932
36.315,0.01252
36.32,0.013169
36.325,0.013877
36.33,0.014636
36.335,0.015423
36.34,0.016199
36.345,0.016926
36.35,0.017575
36.355,0.018131
36.36,0.018592
36.365,0.018965
36.37,0.019259
36.375,0.01948
36.38,0.019634
36.385,0.019713
36.39,0.019709
36.395,0.019618
36.4,0.019447
36.405,0.019204
36.41,0.018891
36.415,0.018494
36.42,0.01799
36.425,0.017358
36.43,0.016594
36.435,0.015722
36.44,0.014796
36.445,0.013905
36.45,0.013143
36.455,0.012577
36.46,0.012239
36.465,0.012115
36.47,0.012146
36.475,0.012227
36.48,0.01222
36.485,0.012003
36.49,0.011502
36.495,0.010709
36.5,0.0096805
36.505,0.00853
36.51,0.0074045
36.515,0.0064406
36.52,0.0057224
36.525,0.0052675
36.53,0.0050325
36.535,0.0049213
36.54,0.0048002
36.545,0.004528
36.55,0.0039898
36.555,0.0031315
36.56,0.0019734
36.565,0.00060362
36.57,-0.00084667
36.575,-0.0022401
36.58,-0.0034765
36.585,-0.0045183
36.59,-0.005391
36.595,-0.0061589
36.6,-0.0068961
36.605,-0.0076642
36.61,-0.0085057
36.615,-0.0094435
36.62,-0.010481
36.625,-0.0116
36.63,-0.01276
36.635,-0.013901
36.64,-0.014955
36.645,-0.015862
36.65,-0.01658
36.655,-0.017106
36.66,-0.01748
36.665,-0.017778
36.67,-0.018095
36.675,-0.018523
36.68,-0.019133
36.685,-0.019942
36.69,-0.020906
36.695,-0.021933
36.7,-0.02292
36.705,-0.023778
36.71,-0.024445
36.715,-0.024893
36.72,-0.025124
36.725,-0.025158
36.73,-0.025027
36.735,-0.024768
36.74,-0.024411
36.745,-0.02399
36.75,-0.023541
36.755,-0.023096
36.76,-0.022675
36.765,-0.022282
36.77,-0.021912
36.775,-0.021551
36.78,-0.021184
36.785,-0.020801
36.79,-0.020408
36.795,-0.02001
36.8,-0.019599
36.805,-0.019144
36.81,-0.01859
36.815,-0.017878
36.82,-0.016957
36.825,-0.0158
36.83,-0.014401
36.835,-0.012777
36.84,-0.010967
36.845,-0.0090172
36.85,-0.0069712
36.855,-0.0048677
36.86,-0.0027463
36.865,-0.0006507
36.87,0.0013731
36.875,0.0032707
36.88,0.0049821
36.885,0.0064434
36.89,0.0075989
36.895,0.0084227
36.9,0.0089282
36.905,0.0091633
36.91,0.0092034
36.915,0.0091417
36.92,0.0090741
36.925,0.0090876
36.93,0.0092508
36.935,0.009602
36.94,0.010138
36.945,0.010816
36.95,0.011568
36.955,0.01232
36.96,0.013008
36.965,0.013593
36.97,0.01407
36.975,0.014471
36.98,0.014854
36.985,0.015288
36.99,0.015819
36.995,0.016458
37,0.017174
37.005,0.017896
37.01,0.018531
37.015,0.018977
37.02,0.019154
37.025,0.019005
37.03,0.018508
37.035,0.017687
37.04,0.016606
37.045,0.015358
37.05,0.014039
37.055,0.012739
37.06,0.011519
37.065,0.010406
37.07,0.009398
37.075,0.0084748
37.08,0.0076011
37.085,0.0067265
37.09,0.0057965
37.095,0.0047728
37.1,0.0036543
37.105,0.0024856
37.11,0.0013442
37.115,0.00031631
37.12,-0.00052958
37.125,-0.0011582
37.13,-0.001574
37.135,-0.0018193
37.14,-0.0019657
37.145,-0.0020943
37.15,-0.0022699
37.155,-0.0025165
37.16,-0.0028043
37.165,-0.0030521
37.17,-0.0031499
37.175,-0.0029961
37.18,-0.0025389
37.185,-0.0018037
37.19,-0.00088942
37.195,5.8199e-05
37.2,0.00088418
37.205,0.0014639
37.21,0.0017358
37.215,0.0017154
37.22,0.0014878
37.225,0.0011914
37.23,0.00099834
37.235,0.0010802
37.24,0.001564
37.245,0.0024969
37.25,0.0038339
37.255,0.0054476
37.26,0.0071584
37.265,0.0087733
37.27,0.01012
37.275,0.011076
37.28,0.011587
37.285,0.01167
37.29,0.011404
37.295,0.010911
37.3,0.010338
37.305,0.0098177
37.31,0.0094478
37.315,0.0092798
37.32,0.0093164
37.325,0.0095166
37.33,0.0098133
37.335,0.010141
37.34,0.010453
37.345,0.010732
37.35,0.01099
37.355,0.011264
37.36,0.011601
37.365,0.012042
37.37,0.012602
37.375,0.013271
37.38,0.014005
37.385,0.014733
37.39,0.015364
37.395,0.015798
37.4,0.015945
37.405,0.01574
37.41,0.015155
37.415,0.014215
37.42,0.01299
37.425,0.01159
37.43,0.01016
37.435,0.0088599
37.44,0.0078387
37.445,0.0072092
37.45,0.0070235
37.455,0.0072577
37.46,0.0078092
37.465,0.008518
37.47,0.009208
37.475,0.009726
37.48,0.009975
37.485,0.0099277
37.49,0.0096226
37.495,0.0091431
37.5,0.0085869
37.505,0.0080338
37.51,0.0075208
37.515,0.0070347
37.52,0.0065288
37.525,0.0059571
37.53,0.0053058
37.535,0.0046094
37.54,0.0039487
37.545,0.0034366
37.55,0.0031889
37.555,0.0032914
37.56,0.0037703
37.565,0.0045725
37.57,0.0055626
37.575,0.0065471
37.58,0.0073199
37.585,0.0077114
37.59,0.0076209
37.595,0.0070274
37.6,0.0059853
37.605,0.0046084
37.61,0.0030423
37.615,0.0014263
37.62,-0.00014617
37.625,-0.0016486
37.63,-0.0031185
37.635,-0.0046348
37.64,-0.0062874
37.645,-0.00814
37.65,-0.010208
37.655,-0.012457
37.66,-0.014812
37.665,-0.017165
37.67,-0.019385
37.675,-0.021336
37.68,-0.022894
37.685,-0.023969
37.69,-0.024516
37.695,-0.024553
37.7,-0.02416
37.705,-0.023458
37.71,-0.022588
37.715,-0.021676
37.72,-0.020809
37.725,-0.020029
37.73,-0.019343
37.735,-0.018741
37.74,-0.018211
37.745,-0.017743
37.75,-0.017332
37.755,-0.01697
37.76,-0.016646
37.765,-0.016342
37.77,-0.016021
37.775,-0.015634
37.78,-0.015121
37.785,-0.014432
37.79,-0.013537
37.795,-0.012426
37.8,-0.011111
37.805,-0.00963
37.81,-0.0080389
37.815,-0.0064113
37.82,-0.0048233
37.825,-0.0033433
37.83,-0.0020234
37.835,-0.00089149
37.84,4.8178e-05
37.845,0.00080527
37.85,0.0013977
37.855,0.0018479
37.86,0.0021818
37.865,0.0024307
37.87,0.0026304
37.875,0.0028235
37.88,0.003061
37.885,0.0033964
37.89,0.0038755
37.895,0.0045266
37.9,0.0053536
37.905,0.0063352
37.91,0.007434
37.915,0.0086089
37.92,0.0098236
37.925,0.011039
37.93,0.012206
37.935,0.013265
37.94,0.014154
37.945,0.014824
37.95,0.01524
37.955,0.015396
37.96,0.015329
37.965,0.015126
37.97,0.014896
37.975,0.014731
37.98,0.014687
37.985,0.0148
37.99,0.015088
37.995,0.015537
38,0.016069
38.005,0.016561
38.01,0.016887
38.015,0.016968
38.02,0.016779
38.025,0.016322
38.03,0.015611
38.035,0.01466
38.04,0.013484
38.045,0.012102
38.05,0.010534
38.055,0.0088151
38.06,0.0069821
38.065,0.0050705
38.07,0.0031289
38.075,0.0012366
38.08,-0.000496
38.085,-0.0019577
38.09,-0.0030853
38.095,-0.003872
38.1,-0.0043456
38.105,-0.0045517
38.11,-0.0045593
38.115,-0.0044662
38.12,-0.0043821
38.125,-0.0043968
38.13,-0.0045683
38.135,-0.0049262
38.14,-0.0054783
38.145,-0.0062161
38.15,-0.0071232
38.155,-0.0081738
38.16,-0.0093201
38.165,-0.010486
38.17,-0.011576
38.175,-0.012502
38.18,-0.013207
38.185,-0.013667
38.19,-0.013888
38.195,-0.013906
38.2,-0.01378
38.205,-0.013572
38.21,-0.013327
38.215,-0.013073
38.22,-0.012826
38.225,-0.012608
38.23,-0.012439
38.235,-0.012329
38.24,-0.012277
38.245,-0.012281
38.25,-0.012339
38.255,-0.012436
38.26,-0.012534
38.265,-0.012577
38.27,-0.012513
38.275,-0.012318
38.28,-0.011999
38.285,-0.011588
38.29,-0.01113
38.295,-0.010666
38.3,-0.010239
38.305,-0.0098839
38.31,-0.0096244
38.315,-0.0094641
38.32,-0.0093827
38.325,-0.0093355
38.33,-0.0092642
38.335,-0.0091116
38.34,-0.0088383
38.345,-0.0084348
38.35,-0.0079206
38.355,-0.0073324
38.36,-0.0067095
38.365,-0.00609
38.37,-0.0055078
38.375,-0.0049947
38.38,-0.0045784
38.385,-0.0042829
38.39,-0.0041325
38.395,-0.0041528
38.4,-0.0043584
38.405,-0.0047366
38.41,-0.0052506
38.415,-0.0058502
38.42,-0.0064737
38.425,-0.007054
38.43,-0.0075241
38.435,-0.007818
38.44,-0.0078665
38.445,-0.0076013
38.45,-0.0069742
38.455,-0.0059799
38.46,-0.0046547
38.465,-0.0030596
38.47,-0.0012745
38.475,0.00060236
38.48,0.0024573
38.485,0.0041873
38.49,0.0057335
38.495,0.0070896
38.5,0.0082797
38.505,0.0093274
38.51,0.010248
38.515,0.011055
38.52,0.011756
38.525,0.012334
38.53,0.012741
38.535,0.012914
38.54,0.012795
38.545,0.01235
38.55,0.011575
38.555,0.010504
38.56,0.0091937
38.565,0.0077213
38.57,0.0061719
38.575,0.0046352
38.58,0.0032043
38.585,0.0019558
38.59,0.0009247
38.595,9.9671e-05
38.6,-0.000562
38.605,-0.0011075
38.61,-0.0015674
38.615,-0.0019515
38.62,-0.0022499
38.625,-0.0024281
38.63,-0.002433
38.635,-0.0022177
38.64,-0.0017764
38.645,-0.0011644
38.65,-0.00048927
38.655,0.00010888
38.66,0.00048225
38.665,0.00050703
38.67,0.00011959
38.675,-0.00065164
38.68,-0.0016835
38.685,-0.0027901
38.69,-0.003767
38.695,-0.0044294
38.7,-0.0046425
38.705,-0.0043479
38.71,-0.0035819
38.715,-0.0024668
38.72,-0.0011874
38.725,4.3343e-05
38.73,0.0010243
38.735,0.0016083
38.74,0.0017325
38.745,0.0014192
38.75,0.00075467
38.755,-0.00013684
38.76,-0.0011118
38.765,-0.0020195
38.77,-0.0027179
38.775,-0.0030879
38.78,-0.0030538
38.785,-0.0025994
38.79,-0.0017711
38.795,-0.00067501
38.8,0.00053648
38.805,0.0016945
38.81,0.0026512
38.815,0.0033099
38.82,0.0036339
38.825,0.0036458
38.83,0.0034207
38.835,0.003066
38.84,0.002691
38.845,0.00238
38.85,0.0021755
38.855,0.002078
38.86,0.0020568
38.865,0.0020634
38.87,0.0020416
38.875,0.0019352
38.88,0.0016985
38.885,0.0013008
38.89,0.00073036
38.895,1.2203e-07
38.9,-0.00085718
38.905,-0.0018016
38.91,-0.002799
38.915,-0.0038198
38.92,-0.0048326
38.925,-0.0058051
38.93,-0.0067151
38.935,-0.0075573
38.94,-0.0083411
38.945,-0.0090805
38.95,-0.0097886
38.955,-0.010474
38.96,-0.01114
38.965,-0.01178
38.97,-0.012384
38.975,-0.01294
38.98,-0.013435
38.985,-0.013854
38.99,-0.014186
38.995,-0.014439
39,-0.014641
39.005,-0.014831
39.01,-0.015044
39.015,-0.015298
39.02,-0.0156
39.025,-0.015948
39.03,-0.016345
39.035,-0.01678
39.04,-0.017221
39.045,-0.01761
39.05,-0.01787
39.055,-0.017919
39.06,-0.017695
39.065,-0.017169
39.07,-0.016349
39.075,-0.01529
39.08,-0.014078
39.085,-0.012831
39.09,-0.011657
39.095,-0.010631
39.1,-0.0097832
39.105,-0.009106
39.11,-0.0085663
39.115,-0.0081199
39.12,-0.0077253
39.125,-0.0073541
39.13,-0.0069956
39.135,-0.0066556
39.14,-0.0063543
39.145,-0.0061184
39.15,-0.0059625
39.155,-0.0058732
39.16,-0.0058033
39.165,-0.0056728
39.17,-0.0053857
39.175,-0.0048644
39.18,-0.004087
39.185,-0.0031038
39.19,-0.0020243
39.195,-0.00098315
39.2,-9.9161e-05
39.205,0.0005537
39.21,0.0009597
39.215,0.0011514
39.22,0.001184
39.225,0.0011155
39.23,0.00099689
39.235,0.00086765
39.24,0.00075165
39.245,0.00065455
39.25,0.00056632
39.255,0.00047031
39.26,0.00035466
39.265,0.00021684
39.27,6.5807e-05
39.275,-8.1243e-05
39.28,-0.00021236
39.285,-0.00033598
39.29,-0.00048715
39.295,-0.00071918
39.3,-0.001087
39.305,-0.0016305
39.31,-0.002365
39.315,-0.0032709
39.32,-0.004292
39.325,-0.0053442
39.33,-0.0063275
39.335,-0.0071352
39.34,-0.0076655
39.345,-0.0078413
39.35,-0.0076298
39.355,-0.0070525
39.36,-0.0061828
39.365,-0.0051338
39.37,-0.0040439
39.375,-0.0030541
39.38,-0.0022815
39.385,-0.0017945
39.39,-0.0016084
39.395,-0.0016908
39.4,-0.0019736
39.405,-0.0023737
39.41,-0.0028061
39.415,-0.00319
39.42,-0.0034514
39.425,-0.0035311
39.43,-0.0033947
39.435,-0.003043
39.44,-0.0025096
39.445,-0.0018426
39.45,-0.0010833
39.455,-0.00025617
39.46,0.00062586
39.465,0.0015524
39.47,0.0025113
39.475,0.0034858
39.48,0.0044486
39.485,0.0053528
39.49,0.0061292
39.495,0.0067015
39.5,0.0070124
39.505,0.0070433
39.51,0.0068267
39.515,0.0064383
39.52,0.0059776
39.525,0.0055417
39.53,0.0052014
39.535,0.0049896
39.54,0.0048996
39.545,0.0048936
39.55,0.0049152
39.555,0.0049068
39.56,0.0048283
39.565,0.0046657
39.57,0.0044337
39.575,0.0041684
39.58,0.0039119
39.585,0.0037012
39.59,0.0035615
39.595,0.0035029
39.6,0.0035177
39.605,0.0035835
39.61,0.0036698
39.615,0.0037419
39.62,0.003774
39.625,0.0037638
39.63,0.0037353
39.635,0.0037293
39.64,0.0037889
39.645,0.0039445
39.65,0.0042049
39.655,0.0045559
39.66,0.0049574
39.665,0.0053446
39.67,0.0056401
39.675,0.0057709
39.68,0.0056849
39.685,0.0053637
39.69,0.0048264
39.695,0.0041216
39.7,0.0033059
39.705,0.0024266
39.71,0.0015074
39.715,0.00054756
39.72,-0.00046738
39.725,-0.0015519
39.73,-0.0027105
39.735,-0.003928
39.74,-0.0051717
39.745,-0.0064017
39.75,-0.0075823
39.755,-0.0086801
39.76,-0.0096571
39.765,-0.010469
39.77,-0.011074
39.775,-0.011449
39.78,-0.011599
39.785,-0.01156
39.79,-0.011394
39.795,-0.011171
39.8,-0.010957
39.805,-0.01082
39.81,-0.010812
39.815,-0.010954
39.82,-0.011225
39.825,-0.011571
39.83,-0.011933
39.835,-0.012259
39.84,-0.01252
39.845,-0.012716
39.85,-0.01288
39.855,-0.013065
39.86,-0.013329
39.865,-0.013713
39.87,-0.014238
39.875,-0.0149
39.88,-0.015673
39.885,-0.016518
39.89,-0.017393
39.895,-0.018259
39.9,-0.019097
39.905,-0.019904
39.91,-0.020691
39.915,-0.021468
39.92,-0.02223
39.925,-0.022957
39.93,-0.023613
39.935,-0.024162
39.94,-0.024567
39.945,-0.024804
39.95,-0.024872
39.955,-0.024793
39.96,-0.0246
39.965,-0.024333
39.97,-0.024023
39.975,-0.023682
39.98,-0.023304
39.985,-0.022872
39.99,-0.022374
39.995,-0.021804
40,-0.021156
40.005,-0.020436
40.01,-0.019659
40.015,-0.018862
40.02,-0.018083
40.025,-0.017334
40.03,-0.016602
40.035,-0.015866
40.04,-0.015106
40.045,-0.014293
40.05,-0.013394
40.055,-0.012388
40.06,-0.011287
40.065,-0.010118
40.07,-0.0089101
40.075,-0.0076875
40.08,-0.0064743
40.085,-0.0052894
40.09,-0.0041402
40.095,-0.0030264
40.1,-0.0019535
40.105,-0.00094041
40.11,-9.4676e-06
40.115,0.0008243
40.12,0.0015541
40.125,0.0021765
40.13,0.0026898
40.135,0.0031005
40.14,0.0034248
40.145,0.0036804
40.15,0.0038819
40.155,0.0040428
40.16,0.0041745
40.165,0.0042777
40.17,0.0043364
40.175,0.0043168
40.18,0.0041839
40.185,0.0039178
40.19,0.0035261
40.195,0.0030478
40.2,0.0025438
40.205,0.0020826
40.21,0.0017282
40.215,0.0015284
40.22,0.0015065
40.225,0.0016613
40.23,0.0019728
40.235,0.0024099
40.24,0.0029375
40.245,0.0035191
40.25,0.0041108
40.255,0.0046621
40.26,0.0051261
40.265,0.0054738
40.27,0.0056994
40.275,0.0058168
40.28,0.0058553
40.285,0.0058534
40.29,0.0058539
40.295,0.0058954
40.3,0.0060029
40.305,0.006176
40.31,0.006388
40.315,0.0066
40.32,0.0067779
40.325,0.0069041
40.33,0.0069703
40.335,0.0069693
40.34,0.0069011
40.345,0.0067817
40.35,0.0066386
40.355,0.0064975
40.36,0.0063693
40.365,0.0062476
40.37,0.0061112
40.375,0.0059232
40.38,0.00563
40.385,0.0051732
40.39,0.0045038
40.395,0.0035891
40.4,0.0024218
40.405,0.0010273
40.41,-0.00053823
40.415,-0.002201
40.42,-0.0038851
40.425,-0.0055151
40.43,-0.0070135
40.435,-0.0083059
40.44,-0.0093373
40.445,-0.010084
40.45,-0.010547
40.455,-0.01074
40.46,-0.010698
40.465,-0.010476
40.47,-0.010149
40.475,-0.0097837
40.48,-0.0094322
40.485,-0.0091337
40.49,-0.008919
40.495,-0.0088013
40.5,-0.0087683
40.505,-0.008789
40.51,-0.0088234
40.515,-0.0088241
40.52,-0.0087378
40.525,-0.008521
40.53,-0.0081505
40.535,-0.0076223
40.54,-0.0069487
40.545,-0.0061503
40.55,-0.00525
40.555,-0.0042726
40.56,-0.0032395
40.565,-0.0021681
40.57,-0.0010792
40.575,-5.8236e-06
40.58,0.0010131
40.585,0.0019508
40.59,0.0027955
40.595,0.0035323
40.6,0.0041299
40.605,0.0045527
40.61,0.004776
40.615,0.0047823
40.62,0.0045474
40.625,0.0040429
40.63,0.0032596
40.635,0.0022232
40.64,0.00099143
40.645,-0.00036019
40.65,-0.0017534
40.655,-0.0031098
40.66,-0.0043563
40.665,-0.0054358
40.67,-0.0063119
40.675,-0.0069717
40.68,-0.0074313
40.685,-0.0077346
40.69,-0.0079374
40.695,-0.0080914
40.7,-0.0082365
40.705,-0.0084001
40.71,-0.0085996
40.715,-0.0088411
40.72,-0.0091192
40.725,-0.0094209
40.73,-0.0097368
40.735,-0.010064
40.74,-0.010398
40.745,-0.010725
40.75,-0.011026
40.755,-0.01128
40.76,-0.011466
40.765,-0.011562
40.77,-0.011547
40.775,-0.011396
40.78,-0.011086
40.785,-0.010597
40.79,-0.0099255
40.795,-0.0090827
40.8,-0.0080952
40.805,-0.0069958
40.81,-0.0058266
40.815,-0.0046416
40.82,-0.0034981
40.825,-0.0024439
40.83,-0.001506
40.835,-0.00069119
40.84,9.0538e-06
40.845,0.00061382
40.85,0.0011472
40.855,0.0016363
40.86,0.0021074
40.865,0.0025784
40.87,0.0030577
40.875,0.0035375
40.88,0.0039937
40.885,0.0043985
40.89,0.0047303
40.895,0.0049755
40.9,0.0051244
40.905,0.0051714
40.91,0.005118
40.915,0.0049688
40.92,0.0047268
40.925,0.0043891
40.93,0.0039487
40.935,0.0034053
40.94,0.0027719
40.945,0.002077
40.95,0.0013625
40.955,0.00067831
40.96,7.5933e-05
40.965,-0.00039645
40.97,-0.00069706
40.975,-0.00079792
40.98,-0.00069234
40.985,-0.00039681
40.99,5.2543e-05
40.995,0.00060129
41,0.0011851
41.005,0.0017456
41.01,0.0022419
41.015,0.002651
41.02,0.0029615
41.025,0.0031671
41.03,0.0032661
41.035,0.0032644
41.04,0.0031746
41.045,0.0030123
41.05,0.0027935
41.055,0.0025293
41.06,0.0022275
41.065,0.0019019
41.07,0.0015755
41.075,0.0012718
41.08,0.001009
41.085,0.0008052
41.09,0.00067571
41.095,0.00062786
41.1,0.00066191
41.105,0.00077204
41.11,0.00094849
41.115,0.0011816
41.12,0.0014644
41.125,0.0017895
41.13,0.0021463
41.135,0.0025208
41.14,0.0028939
41.145,0.0032421
41.15,0.0035399
41.155,0.0037604
41.16,0.003876
41.165,0.0038605
41.17,0.003696
41.175,0.0033819
41.18,0.0029392
41.185,0.0024062
41.19,0.0018306
41.195,0.0012587
41.2,0.00073102
41.205,0.00027532
41.21,-9.4092e-05
41.215,-0.00037324
41.22,-0.00056467
41.225,-0.00067967
41.23,-0.00073686
41.235,-0.00075025
41.24,-0.00072121
41.245,-0.00064096
41.25,-0.00049168
41.255,-0.00025117
41.26,9.5755e-05
41.265,0.0005454
41.27,0.0010749
41.275,0.0016526
41.28,0.0022427
41.285,0.0028042
41.29,0.0032981
41.295,0.0036982
41.3,0.0039912
41.305,0.0041726
41.31,0.0042476
41.315,0.004231
41.32,0.004144
41.325,0.00401
41.33,0.003854
41.335,0.0037021
41.34,0.0035768
41.345,0.0034969
41.35,0.0034804
41.355,0.0035444
41.36,0.0037027
41.365,0.0039658
41.37,0.0043421
41.375,0.004835
41.38,0.0054411
41.385,0.0061459
41.39,0.0069237
41.395,0.0077411
41.4,0.0085683
41.405,0.0093894
41.41,0.0102
41.415,0.011001
41.42,0.011791
41.425,0.012569
41.43,0.013334
41.435,0.01408
41.44,0.014791
41.445,0.015447
41.45,0.016033
41.455,0.016531
41.46,0.016937
41.465,0.017243
41.47,0.01745
41.475,0.017552
41.48,0.017538
41.485,0.017401
41.49,0.017144
41.495,0.016774
41.5,0.016296
41.505,0.015726
41.51,0.015087
41.515,0.014409
41.52,0.013719
41.525,0.01304
41.53,0.012387
41.535,0.011774
41.54,0.01121
41.545,0.010701
41.55,0.010251
41.555,0.0098542
41.56,0.0094926
41.565,0.0091433
41.57,0.0087799
41.575,0.008377
41.58,0.0079123
41.585,0.0073685
41.59,0.0067357
41.595,0.0060141
41.6,0.0052114
41.605,0.0043417
41.61,0.0034236
41.615,0.0024789
41.62,0.0015321
41.625,0.00061294
41.63,-0.00024271
41.635,-0.00099595
41.64,-0.001609
41.645,-0.0020453
41.65,-0.0022726
41.655,-0.0022705
41.66,-0.0020377
41.665,-0.001593
41.67,-0.00097008
41.675,-0.00020834
41.68,0.00065362
41.685,0.0015872
41.69,0.0025803
41.695,0.0036316
41.7,0.0047348
41.705,0.0058739
41.71,0.0070277
41.715,0.008173
41.72,0.0092838
41.725,0.01033
41.73,0.011285
41.735,0.012125
41.74,0.012829
41.745,0.01338
41.75,0.013762
41.755,0.013973
41.76,0.014025
41.765,0.013943
41.77,0.013756
41.775,0.013496
41.78,0.013197
41.785,0.012895
41.79,0.01262
41.795,0.012392
41.8,0.012225
41.805,0.012127
41.81,0.012094
41.815,0.012107
41.82,0.012139
41.825,0.012165
41.83,0.012164
41.835,0.012128
41.84,0.012064
41.845,0.01199
41.85,0.011931
41.855,0.011912
41.86,0.011944
41.865,0.012021
41.87,0.012127
41.875,0.012241
41.88,0.012343
41.885,0.01241
41.89,0.01242
41.895,0.012353
41.9,0.012187
41.905,0.011919
41.91,0.011561
41.915,0.011145
41.92,0.010707
41.925,0.010279
41.93,0.0098835
41.935,0.0095388
41.94,0.0092579
41.945,0.0090459
41.95,0.0088985
41.955,0.0088019
41.96,0.0087381
41.965,0.0086946
41.97,0.0086716
41.975,0.0086821
41.98,0.0087423
41.985,0.0088615
41.99,0.009036
41.995,0.0092525
42,0.0094921
42.005,0.0097289
42.01,0.0099275
42.015,0.010051
42.02,0.010069
42.025,0.009962
42.03,0.0097224
42.035,0.0093514
42.04,0.0088622
42.045,0.0082778
42.05,0.0076208
42.055,0.0069028
42.06,0.0061259
42.065,0.0052901
42.07,0.0044014
42.075,0.0034742
42.08,0.0025297
42.085,0.001595
42.09,0.00069464
42.095,-0.0001531
42.1,-0.0009366
42.105,-0.0016515
42.11,-0.0023046
42.115,-0.0029147
42.12,-0.0035041
42.125,-0.0040863
42.13,-0.0046596
42.135,-0.0052119
42.14,-0.0057215
42.145,-0.0061552
42.15,-0.0064709
42.155,-0.0066284
42.16,-0.0066036
42.165,-0.0063941
42.17,-0.0060174
42.175,-0.0055125
42.18,-0.0049327
42.185,-0.0043347
42.19,-0.0037652
42.195,-0.0032509
42.2,-0.0027971
42.205,-0.0023906
42.21,-0.0019983
42.215,-0.0015726
42.22,-0.0010633
42.225,-0.00042633
42.23,0.00037786
42.235,0.0013706
42.24,0.0025439
42.245,0.0038618
42.25,0.0052717
42.255,0.0067126
42.26,0.0081191
42.265,0.0094227
42.27,0.010559
42.275,0.011477
42.28,0.01215
42.285,0.01257
42.29,0.01275
42.295,0.01272
42.3,0.012529
42.305,0.012232
42.31,0.011883
42.315,0.011534
42.32,0.011227
42.325,0.010984
42.33,0.010806
42.335,0.010682
42.34,0.010589
42.345,0.010506
42.35,0.010414
42.355,0.010303
42.36,0.010173
42.365,0.010036
42.37,0.0099045
42.375,0.0097935
42.38,0.0097138
42.385,0.0096733
42.39,0.0096804
42.395,0.0097453
42.4,0.0098754
42.405,0.01007
42.41,0.01032
42.415,0.010611
42.42,0.010931
42.425,0.011263
42.43,0.011593
42.435,0.011902
42.44,0.012178
42.445,0.012409
42.45,0.012586
42.455,0.012704
42.46,0.012757
42.465,0.012751
42.47,0.012698
42.475,0.012617
42.48,0.012538
42.485,0.012484
42.49,0.012473
42.495,0.012518
42.5,0.012625
42.505,0.012795
42.51,0.013022
42.515,0.013299
42.52,0.01362
42.525,0.013975
42.53,0.014349
42.535,0.01472
42.54,0.015065
42.545,0.015357
42.55,0.015571
42.555,0.015687
42.56,0.015696
42.565,0.015591
42.57,0.015374
42.575,0.015044
42.58,0.014603
42.585,0.014053
42.59,0.013402
42.595,0.012658
42.6,0.011825
42.605,0.010909
42.61,0.0099144
42.615,0.0088505
42.62,0.007733
42.625,0.006585
42.63,0.0054401
42.635,0.0043456
42.64,0.0033612
42.645,0.0025494
42.65,0.0019569
42.655,0.0016096
42.66,0.0015133
42.665,0.0016527
42.67,0.0019924
42.675,0.002478
42.68,0.0030493
42.685,0.0036572
42.69,0.0042705
42.695,0.0048776
42.7,0.0054812
42.705,0.0060873
42.71,0.0066958
42.715,0.0072953
42.72,0.0078701
42.725,0.0084013
42.73,0.0088685
42.735,0.0092533
42.74,0.0095412
42.745,0.009728
42.75,0.0098244
42.755,0.0098542
42.76,0.0098513
42.765,0.0098514
42.77,0.0098853
42.775,0.0099792
42.78,0.010147
42.785,0.010383
42.79,0.010671
42.795,0.010989
42.8,0.01132
42.805,0.011649
42.81,0.01197
42.815,0.012292
42.82,0.012634
42.825,0.013024
42.83,0.013486
42.835,0.014038
42.84,0.014684
42.845,0.015419
42.85,0.016219
42.855,0.017047
42.86,0.017855
42.865,0.018601
42.87,0.019259
42.875,0.019815
42.88,0.020269
42.885,0.020631
42.89,0.020912
42.895,0.021126
42.9,0.021291
42.905,0.021429
42.91,0.021571
42.915,0.021744
42.92,0.021964
42.925,0.022231
42.93,0.022531
42.935,0.022847
42.94,0.023168
42.945,0.023487
42.95,0.023793
42.955,0.024076
42.96,0.024319
42.965,0.024502
42.97,0.024603
42.975,0.024607
42.98,0.024505
42.985,0.024299
42.99,0.023997
42.995,0.023614
43,0.023171
43.005,0.02269
43.01,0.022194
43.015,0.02171
43.02,0.021259
43.025,0.020857
43.03,0.020511
43.035,0.020223
43.04,0.019993
43.045,0.019822
43.05,0.019709
43.055,0.019651
43.06,0.019638
43.065,0.019649
43.07,0.019663
43.075,0.019661
43.08,0.019628
43.085,0.01955
43.09,0.01941
43.095,0.019194
43.1,0.018891
43.105,0.018492
43.11,0.017992
43.115,0.017391
43.12,0.016679
43.125,0.015848
43.13,0.014886
43.135,0.01378
43.14,0.012519
43.145,0.011099
43.15,0.009527
43.155,0.007816
43.16,0.0059878
43.165,0.0040732
43.17,0.0021096
43.175,0.00013716
43.18,-0.0018029
43.185,-0.0036722
43.19,-0.0054387
43.195,-0.0070767
43.2,-0.0085677
43.205,-0.009899
43.21,-0.011061
43.215,-0.01204
43.22,-0.012822
43.225,-0.013395
43.23,-0.013747
43.235,-0.013877
43.24,-0.013786
43.245,-0.013494
43.25,-0.013034
43.255,-0.012447
43.26,-0.011773
43.265,-0.011043
43.27,-0.010281
43.275,-0.0095162
43.28,-0.0087734
43.285,-0.0080736
43.29,-0.0074247
43.295,-0.0068205
43.3,-0.0062415
43.305,-0.0056584
43.31,-0.005035
43.315,-0.0043313
43.32,-0.0035101
43.325,-0.002543
43.33,-0.0014167
43.335,-0.00014056
43.34,0.0012536
43.345,0.0027151
43.35,0.0041784
43.355,0.0055696
43.36,0.0068151
43.365,0.0078553
43.37,0.0086555
43.375,0.0092083
43.38,0.0095301
43.385,0.0096577
43.39,0.0096413
43.395,0.009536
43.4,0.0093897
43.405,0.0092381
43.41,0.0091098
43.415,0.0090304
43.42,0.0090202
43.425,0.009091
43.43,0.0092475
43.435,0.0094885
43.44,0.0098066
43.445,0.010189
43.45,0.010617
43.455,0.01107
43.46,0.011523
43.465,0.011954
43.47,0.012341
43.475,0.012662
43.48,0.012894
43.485,0.013012
43.49,0.012991
43.495,0.0128
43.5,0.012412
43.505,0.011814
43.51,0.011016
43.515,0.010044
43.52,0.0089393
43.525,0.0077545
43.53,0.0065466
43.535,0.005372
43.54,0.0042747
43.545,0.003277
43.55,0.0023776
43.555,0.001561
43.56,0.00080076
43.565,6.6548e-05
43.57,-0.00066369
43.575,-0.0013925
43.58,-0.0021078
43.585,-0.0027883
43.59,-0.0034094
43.595,-0.0039459
43.6,-0.0043813
43.605,-0.0047172
43.61,-0.0049774
43.615,-0.0052024
43.62,-0.0054382
43.625,-0.0057293
43.63,-0.0061183
43.635,-0.0066357
43.64,-0.0072882
43.645,-0.008064
43.65,-0.0089462
43.655,-0.0099156
43.66,-0.010946
43.665,-0.012008
43.67,-0.01308
43.675,-0.014149
43.68,-0.015202
43.685,-0.016223
43.69,-0.017198
43.695,-0.018109
43.7,-0.018921
43.705,-0.019587
43.71,-0.020066
43.715,-0.02033
43.72,-0.020358
43.725,-0.020137
43.73,-0.019687
43.735,-0.019082
43.74,-0.018428
43.745,-0.017837
43.75,-0.0174
43.755,-0.017189
43.76,-0.017249
43.765,-0.017589
43.77,-0.018176
43.775,-0.018951
43.78,-0.019843
43.785,-0.020778
43.79,-0.021682
43.795,-0.022479
43.8,-0.023107
43.805,-0.023533
43.81,-0.023741
43.815,-0.023715
43.82,-0.023436
43.825,-0.02289
43.83,-0.022073
43.835,-0.020995
43.84,-0.019683
43.845,-0.018187
43.85,-0.01658
43.855,-0.014956
43.86,-0.013413
43.865,-0.012038
43.87,-0.010898
43.875,-0.010029
43.88,-0.0094411
43.885,-0.0091217
43.89,-0.0090427
43.895,-0.0091666
43.9,-0.0094438
43.905,-0.0098121
43.91,-0.010211
43.915,-0.010597
43.92,-0.010941
43.925,-0.011223
43.93,-0.011429
43.935,-0.011561
43.94,-0.011635
43.945,-0.011683
43.95,-0.011742
43.955,-0.011851
43.96,-0.012036
43.965,-0.012311
43.97,-0.012673
43.975,-0.013113
43.98,-0.013612
43.985,-0.014143
43.99,-0.01468
43.995,-0.015201
44,-0.015697
44.005,-0.016174
44.01,-0.016637
44.015,-0.017075
44.02,-0.017473
44.025,-0.017812
44.03,-0.018086
44.035,-0.018293
44.04,-0.018434
44.045,-0.018508
44.05,-0.018508
44.055,-0.01842
44.06,-0.018236
44.065,-0.017953
44.07,-0.017578
44.075,-0.017125
44.08,-0.016624
44.085,-0.016127
44.09,-0.015712
44.095,-0.015449
44.1,-0.015385
44.105,-0.015536
44.11,-0.015893
44.115,-0.016423
44.12,-0.017066
44.125,-0.017755
44.13,-0.018418
44.135,-0.019002
44.14,-0.019472
44.145,-0.019811
44.15,-0.020024
44.155,-0.020131
44.16,-0.02016
44.165,-0.020138
44.17,-0.020088
44.175,-0.020025
44.18,-0.019951
44.185,-0.019865
44.19,-0.019754
44.195,-0.0196
44.2,-0.019389
44.205,-0.019111
44.21,-0.018766
44.215,-0.01836
44.22,-0.017911
44.225,-0.01744
44.23,-0.016962
44.235,-0.01649
44.24,-0.01605
44.245,-0.015675
44.25,-0.015388
44.255,-0.015191
44.26,-0.015074
44.265,-0.015024
44.27,-0.015031
44.275,-0.015081
44.28,-0.015148
44.285,-0.015204
44.29,-0.01524
44.295,-0.015265
44.3,-0.015295
44.305,-0.015351
44.31,-0.015456
44.315,-0.015632
44.32,-0.0159
44.325,-0.01627
44.33,-0.016741
44.335,-0.017295
44.34,-0.017904
44.345,-0.018534
44.35,-0.019151
44.355,-0.019724
44.36,-0.020234
44.365,-0.020677
44.37,-0.021049
44.375,-0.021351
44.38,-0.021592
44.385,-0.02179
44.39,-0.021967
44.395,-0.022146
44.4,-0.022344
44.405,-0.022576
44.41,-0.022859
44.415,-0.023201
44.42,-0.023607
44.425,-0.024079
44.43,-0.024618
44.435,-0.025213
44.44,-0.025848
44.445,-0.026511
44.45,-0.02719
44.455,-0.027869
44.46,-0.028522
44.465,-0.02913
44.47,-0.029687
44.475,-0.030188
44.48,-0.030618
44.485,-0.030959
44.49,-0.0312
44.495,-0.031335
44.5,-0.031354
44.505,-0.03124
44.51,-0.030982
44.515,-0.030574
44.52,-0.030017
44.525,-0.029313
44.53,-0.028469
44.535,-0.027497
44.54,-0.02641
44.545,-0.02523
44.55,-0.023981
44.555,-0.022689
44.56,-0.021382
44.565,-0.020092
44.57,-0.018846
44.575,-0.017658
44.58,-0.016541
44.585,-0.015509
44.59,-0.014575
44.595,-0.013742
44.6,-0.013006
44.605,-0.012353
44.61,-0.011769
44.615,-0.011244
44.62,-0.010763
44.625,-0.010308
44.63,-0.0098675
44.635,-0.0094395
44.64,-0.0090344
44.645,-0.0086737
44.65,-0.0083765
44.655,-0.0081504
44.66,-0.00799
44.665,-0.0078842
44.67,-0.0078191
44.675,-0.0077766
44.68,-0.0077319
44.685,-0.007656
44.69,-0.0075222
44.695,-0.0073132
44.7,-0.0070236
44.705,-0.0066573
44.71,-0.0062221
44.715,-0.0057249
44.72,-0.0051702
44.725,-0.004564
44.73,-0.0039131
44.735,-0.0032241
44.74,-0.0025049
44.745,-0.0017637
44.75,-0.0010039
44.755,-0.00023054
44.76,0.00054551
44.765,0.0013038
44.77,0.0020197
44.775,0.0026687
44.78,0.0032252
44.785,0.0036673
44.79,0.0039835
44.795,0.0041718
44.8,0.0042328
44.805,0.0041668
44.81,0.0039778
44.815,0.0036755
44.82,0.0032781
44.825,0.0028111
44.83,0.0023001
44.835,0.001768
44.84,0.0012382
44.845,0.00073391
44.85,0.00027509
44.855,-0.00012517
44.86,-0.00046303
44.865,-0.00074316
44.87,-0.00097656
44.875,-0.0011784
44.88,-0.0013595
44.885,-0.001525
44.89,-0.0016789
44.895,-0.0018199
44.9,-0.0019321
44.905,-0.0019866
44.91,-0.0019547
44.915,-0.0018129
44.92,-0.0015421
44.925,-0.0011428
44.93,-0.00064117
44.935,-7.9645e-05
44.94,0.0005007
44.945,0.0010666
44.95,0.001589
44.955,0.0020397
44.96,0.0023954
44.965,0.0026395
44.97,0.002761
44.975,0.0027545
44.98,0.0026236
44.985,0.0023834
44.99,0.0020581
44.995,0.0016792
45,0.0012851
45.005,0.00091525
45.01,0.00060716
45.015,0.0003938
45.02,0.00029912
45.025,0.00032928
45.03,0.00047065
45.035,0.00069578
45.04,0.000973
45.045,0.0012732
45.05,0.0015739
45.055,0.0018565
45.06,0.0021004
45.065,0.0022901
45.07,0.0024201
45.075,0.0024893
45.08,0.0024977
45.085,0.0024458
45.09,0.0023364
45.095,0.0021734
45.1,0.0019615
45.105,0.0017097
45.11,0.0014363
45.115,0.0011666
45.12,0.00092442
45.125,0.00072495
45.13,0.00057516
45.135,0.000475
45.14,0.00041522
45.145,0.00038042
45.15,0.00035357
45.155,0.00031424
45.16,0.00024385
45.165,0.00012825
45.17,-4.3206e-05
45.175,-0.00027762
45.18,-0.0005747
45.185,-0.00092629
45.19,-0.0013225
45.195,-0.0017549
45.2,-0.0022163
45.205,-0.0026995
45.21,-0.0031962
45.215,-0.003698
45.22,-0.004198
45.225,-0.0046921
45.23,-0.0051789
45.235,-0.005657
45.24,-0.0061208
45.245,-0.0065607
45.25,-0.0069654
45.255,-0.0073232
45.26,-0.0076204
45.265,-0.0078433
45.27,-0.007982
45.275,-0.0080319
45.28,-0.0079938
45.285,-0.0078726
45.29,-0.0076782
45.295,-0.0074249
45.3,-0.0071276
45.305,-0.0067999
45.31,-0.006456
45.315,-0.0061107
45.32,-0.0057748
45.325,-0.0054513
45.33,-0.0051406
45.335,-0.0048441
45.34,-0.0045604
45.345,-0.0042817
45.35,-0.0039989
45.355,-0.0037076
45.36,-0.0034071
45.365,-0.0031046
45.37,-0.0028101
45.375,-0.0025339
45.38,-0.0022876
45.385,-0.002083
45.39,-0.0019233
45.395,-0.0017982
45.4,-0.0016875
45.405,-0.0015659
45.41,-0.0014059
45.415,-0.0011808
45.42,-0.00086674
45.425,-0.00045184
45.43,6.1049e-05
45.435,0.00065359
45.44,0.0012938
45.445,0.0019439
45.45,0.00257
45.455,0.0031448
45.46,0.0036436
45.465,0.0040449
45.47,0.0043389
45.475,0.0045323
45.48,0.0046466
45.485,0.0047088
45.49,0.004747
45.495,0.0047856
45.5,0.0048427
45.505,0.0049276
45.51,0.0050448
45.515,0.0051971
45.52,0.0053854
45.525,0.0056053
45.53,0.0058501
45.535,0.0061169
45.54,0.006413
45.545,0.0067478
45.55,0.0071181
45.555,0.0075123
45.56,0.0079266
45.565,0.008361
45.57,0.00881
45.575,0.0092597
45.58,0.0096926
45.585,0.010092
45.59,0.010446
45.595,0.010742
45.6,0.010965
45.605,0.011108
45.61,0.011168
45.615,0.011137
45.62,0.011005
45.625,0.010762
45.63,0.010401
45.635,0.0099117
45.64,0.0092929
45.645,0.008557
45.65,0.0077305
45.655,0.0068494
45.66,0.0059495
45.665,0.0050669
45.67,0.0042429
45.675,0.0035149
45.68,0.002907
45.685,0.0024281
45.69,0.002075
45.695,0.0018411
45.7,0.0017225
45.705,0.001712
45.71,0.0018
45.715,0.0019818
45.72,0.0022599
45.725,0.0026375
45.73,0.0031102
45.735,0.0036652
45.74,0.0042886
45.745,0.0049617
45.75,0.0056551
45.755,0.0063324
45.76,0.0069573
45.765,0.0074963
45.77,0.0079289
45.775,0.008252
45.78,0.0084739
45.785,0.0086079
45.79,0.0086701
45.795,0.0086792
45.8,0.0086596
45.805,0.0086386
45.81,0.0086416
45.815,0.0086871
45.82,0.008783
45.825,0.0089277
45.83,0.0091148
45.835,0.0093342
45.84,0.0095771
45.845,0.0098356
45.85,0.010101
45.855,0.010365
45.86,0.010625
45.865,0.010881
45.87,0.011131
45.875,0.011384
45.88,0.011653
45.885,0.011951
45.89,0.012281
45.895,0.012644
45.9,0.013044
45.905,0.013482
45.91,0.013943
45.915,0.014399
45.92,0.014821
45.925,0.015181
45.93,0.01545
45.935,0.015596
45.94,0.015603
45.945,0.015473
45.95,0.015231
45.955,0.014918
45.96,0.01457
45.965,0.014217
45.97,0.013893
45.975,0.013629
45.98,0.013449
45.985,0.013368
45.99,0.01339
45.995,0.013508
46,0.013707
46.005,0.013966
46.01,0.014258
46.015,0.014557
46.02,0.014848
46.025,0.015109
46.03,0.015316
46.035,0.01545
46.04,0.015502
46.045,0.01547
46.05,0.015358
46.055,0.015167
46.06,0.014892
46.065,0.014526
46.07,0.014069
46.075,0.013533
46.08,0.012942
46.085,0.012327
46.09,0.011722
46.095,0.011154
46.1,0.010647
46.105,0.010212
46.11,0.0098484
46.115,0.009538
46.12,0.009253
46.125,0.0089672
46.13,0.0086595
46.135,0.0083099
46.14,0.0079004
46.145,0.0074246
46.15,0.0068888
46.155,0.0063123
46.16,0.0057266
46.165,0.0051705
46.17,0.0046777
46.175,0.0042684
46.18,0.0039454
46.185,0.0036985
46.19,0.003513
46.195,0.0033717
46.2,0.0032562
46.205,0.003146
46.21,0.0030198
46.215,0.0028672
46.22,0.0026912
46.225,0.0025031
46.23,0.0023164
46.235,0.0021479
46.24,0.0020181
46.245,0.0019496
46.25,0.0019641
46.255,0.0020799
46.26,0.0023132
46.265,0.0026844
46.27,0.0032122
46.275,0.0039008
46.28,0.0047327
46.285,0.005674
46.29,0.0066829
46.295,0.0077096
46.3,0.008697
46.305,0.009583
46.31,0.010311
46.315,0.010842
46.32,0.011164
46.325,0.011278
46.33,0.011197
46.335,0.010942
46.34,0.010546
46.345,0.010053
46.35,0.009514
46.355,0.008977
46.36,0.0084766
46.365,0.0080341
46.37,0.0076595
46.375,0.007353
46.38,0.0071034
46.385,0.0068907
46.39,0.006691
46.395,0.0064841
46.4,0.0062581
46.405,0.0060053
46.41,0.0057206
46.415,0.0054039
46.42,0.0050577
46.425,0.0046893
46.43,0.0043091
46.435,0.0039255
46.44,0.0035418
46.445,0.0031558
46.45,0.0027629
46.455,0.0023633
46.46,0.001962
46.465,0.0015624
46.47,0.0011621
46.475,0.00075926
46.48,0.00036041
46.485,-1.6318e-05
46.49,-0.000344
46.495,-0.00059816
46.5,-0.00076384
46.505,-0.00083412
46.51,-0.00080801
46.515,-0.00068894
46.52,-0.00049303
46.525,-0.00024915
46.53,9.5785e-06
46.535,0.00025107
46.54,0.00045328
46.545,0.00061383
46.55,0.00074933
46.555,0.00088432
46.56,0.0010441
46.565,0.0012521
46.57,0.0015284
46.575,0.0018869
46.58,0.0023249
46.585,0.0028204
46.59,0.003341
46.595,0.0038519
46.6,0.004319
46.605,0.0047138
46.61,0.0050162
46.615,0.0052171
46.62,0.0053199
46.625,0.0053395
46.63,0.0052995
46.635,0.0052229
46.64,0.0051287
46.645,0.0050299
46.65,0.0049276
46.655,0.004814
46.66,0.0046775
46.665,0.0045079
46.67,0.0042946
46.675,0.0040319
46.68,0.0037171
46.685,0.0033525
46.69,0.0029514
46.695,0.0025349
46.7,0.0021258
46.705,0.0017415
46.71,0.0013924
46.715,0.0010805
46.72,0.00079975
46.725,0.00054092
46.73,0.00029636
46.735,6.2998e-05
46.74,-0.0001608
46.745,-0.00037349
46.75,-0.00056331
46.755,-0.00070359
46.76,-0.00076405
46.765,-0.00072899
46.77,-0.00060631
46.775,-0.00042299
46.78,-0.00021592
46.785,-2.2525e-05
46.79,0.00012256
46.795,0.00019256
46.8,0.00017741
46.805,8.7812e-05
46.81,-4.8042e-05
46.815,-0.00018871
46.82,-0.00028735
46.825,-0.00030304
46.83,-0.00021063
46.835,-8.0425e-06
46.84,0.00028725
46.845,0.000647
46.85,0.0010371
46.855,0.0014204
46.86,0.0017619
46.865,0.0020333
46.87,0.0022141
46.875,0.0022929
46.88,0.0022685
46.885,0.002148
46.89,0.0019483
46.895,0.0016891
46.9,0.0013869
46.905,0.0010585
46.91,0.00072459
46.915,0.00040535
46.92,0.00011104
46.925,-0.00016247
46.93,-0.00042823
46.935,-0.00069478
46.94,-0.00096144
46.945,-0.0012206
46.95,-0.0014631
46.955,-0.0016819
46.96,-0.0018728
46.965,-0.0020324
46.97,-0.0021604
46.975,-0.0022639
46.98,-0.0023556
46.985,-0.0024537
46.99,-0.0025849
46.995,-0.0027821
47,-0.0030738
47.005,-0.0034711
47.01,-0.0039648
47.015,-0.0045265
47.02,-0.0051106
47.025,-0.0056635
47.03,-0.0061347
47.035,-0.006489
47.04,-0.006714
47.045,-0.006806
47.05,-0.006759
47.055,-0.0065707
47.06,-0.0062506
47.065,-0.005822
47.07,-0.005312
47.075,-0.0047443
47.08,-0.0041368
47.085,-0.0034995
47.09,-0.002833
47.095,-0.0021369
47.1,-0.0014208
47.105,-0.00070597
47.11,-1.8618e-05
47.115,0.00061546
47.12,0.001177
47.125,0.0016573
47.13,0.0020566
47.135,0.0023836
47.14,0.0026528
47.145,0.0028814
47.15,0.003083
47.155,0.0032669
47.16,0.0034387
47.165,0.0035984
47.17,0.0037389
47.175,0.0038528
47.18,0.0039419
47.185,0.00401
47.19,0.0040526
47.195,0.0040582
47.2,0.0040129
47.205,0.0039031
47.21,0.0037151
47.215,0.0034357
47.22,0.0030517
47.225,0.0025524
47.23,0.0019335
47.235,0.0011995
47.24,0.00036258
47.245,-0.00055522
47.25,-0.0015199
47.255,-0.0024873
47.26,-0.0034134
47.265,-0.0042652
47.27,-0.0050243
47.275,-0.005687
47.28,-0.0062648
47.285,-0.0067777
47.29,-0.0072459
47.295,-0.0076809
47.3,-0.0080802
47.305,-0.0084288
47.31,-0.0087091
47.315,-0.0089054
47.32,-0.0089996
47.325,-0.0089704
47.33,-0.0088026
47.335,-0.0084939
47.34,-0.008054
47.345,-0.0074973
47.35,-0.0068374
47.355,-0.0060835
47.36,-0.0052441
47.365,-0.004334
47.37,-0.0033759
47.375,-0.0024053
47.38,-0.0014734
47.385,-0.0006386
47.39,4.5293e-05
47.395,0.00053657
47.4,0.00080872
47.405,0.00085468
47.41,0.0006867
47.415,0.00033169
47.42,-0.00017514
47.425,-0.00079472
47.43,-0.0014869
47.435,-0.0022111
47.44,-0.0029294
47.445,-0.0036102
47.45,-0.0042258
47.455,-0.0047525
47.46,-0.0051755
47.465,-0.0054914
47.47,-0.0057081
47.475,-0.0058466
47.48,-0.0059383
47.485,-0.0060186
47.49,-0.0061189
47.495,-0.0062567
47.5,-0.0064294
47.505,-0.00662
47.51,-0.006806
47.515,-0.006968
47.52,-0.0070931
47.525,-0.007173
47.53,-0.0072041
47.535,-0.0071923
47.54,-0.0071497
47.545,-0.0070831
47.55,-0.0069934
47.555,-0.0068763
47.56,-0.0067226
47.565,-0.0065254
47.57,-0.0062863
47.575,-0.006017
47.58,-0.0057347
47.585,-0.005458
47.59,-0.0051993
47.595,-0.0049603
47.6,-0.0047313
47.605,-0.0044937
47.61,-0.0042285
47.615,-0.0039241
47.62,-0.0035823
47.625,-0.0032203
47.63,-0.0028697
47.635,-0.0025763
47.64,-0.0023911
47.645,-0.002357
47.65,-0.0024984
47.655,-0.0028112
47.66,-0.0032628
47.665,-0.0037993
47.67,-0.0043578
47.675,-0.0048812
47.68,-0.0053259
47.685,-0.0056678
47.69,-0.0059089
47.695,-0.006074
47.7,-0.0062021
47.705,-0.0063349
47.71,-0.0065071
47.715,-0.0067396
47.72,-0.0070338
47.725,-0.0073696
47.73,-0.0077175
47.735,-0.0080577
47.74,-0.0083816
47.745,-0.008685
47.75,-0.0089637
47.755,-0.0092123
47.76,-0.009427
47.765,-0.0096085
47.77,-0.0097593
47.775,-0.009877
47.78,-0.0099546
47.785,-0.0099818
47.79,-0.0099471
47.795,-0.0098441
47.8,-0.0096745
47.805,-0.0094482
47.81,-0.0091866
47.815,-0.0089188
47.82,-0.0086733
47.825,-0.0084678
47.83,-0.008304
47.835,-0.0081696
47.84,-0.0080437
47.845,-0.007901
47.85,-0.0077141
47.855,-0.0074607
47.86,-0.0071324
47.865,-0.0067385
47.87,-0.006303
47.875,-0.0058606
47.88,-0.0054508
47.885,-0.0051065
47.89,-0.00485
47.895,-0.0046919
47.9,-0.0046268
47.905,-0.0046352
47.91,-0.0046888
47.915,-0.0047591
47.92,-0.0048239
47.925,-0.0048731
47.93,-0.0049087
47.935,-0.0049388
47.94,-0.0049727
47.945,-0.0050249
47.95,-0.0051115
47.955,-0.0052421
47.96,-0.005417
47.965,-0.0056272
47.97,-0.0058534
47.975,-0.006071
47.98,-0.0062585
47.985,-0.0064024
47.99,-0.0065008
47.995,-0.0065609
48,-0.0065962
48.005,-0.0066231
48.01,-0.0066551
48.015,-0.006697
48.02,-0.0067467
48.025,-0.0067993
48.03,-0.006851
48.035,-0.0068998
48.04,-0.0069358
48.045,-0.0069423
48.05,-0.006904
48.055,-0.0068183
48.06,-0.0066959
48.065,-0.0065553
48.07,-0.0064157
48.075,-0.0062891
48.08,-0.0061815
48.085,-0.0060927
48.09,-0.006017
48.095,-0.0059467
48.1,-0.0058721
48.105,-0.0057804
48.11,-0.0056585
48.115,-0.0054985
48.12,-0.0053003
48.125,-0.0050689
48.13,-0.0048106
48.135,-0.0045311
48.14,-0.0042344
48.145,-0.0039257
48.15,-0.0036103
48.155,-0.0032912
48.16,-0.0029677
48.165,-0.0026361
48.17,-0.002293
48.175,-0.0019386
48.18,-0.0015777
48.185,-0.0012206
48.19,-0.00088243
48.195,-0.00057967
48.2,-0.00032758
48.205,-0.0001357
48.21,-2.0378e-06
48.215,8.5306e-05
48.22,0.00013906
48.225,0.00017063
48.23,0.00019502
48.235,0.00023095
48.24,0.00029935
48.245,0.00041423
48.25,0.00057635
48.255,0.00077411
48.26,0.00099176
48.265,0.0012126
48.27,0.0014272
48.275,0.0016347
48.28,0.0018399
48.285,0.0020505
48.29,0.0022717
48.295,0.0025047
48.3,0.0027508
48.305,0.00301
48.31,0.0032796
48.315,0.0035586
48.32,0.003845
48.325,0.0041355
48.33,0.0044273
48.335,0.0047168
48.34,0.0050008
48.345,0.0052764
48.35,0.0055406
48.355,0.0057883
48.36,0.0060118
48.365,0.0062018
48.37,0.0063518
48.375,0.0064577
48.38,0.0065179
48.385,0.0065335
48.39,0.0065132
48.395,0.0064708
48.4,0.0064223
48.405,0.006384
48.41,0.0063685
48.415,0.0063836
48.42,0.0064282
48.425,0.0064872
48.43,0.0065343
48.435,0.0065402
48.44,0.0064753
48.445,0.0063076
48.45,0.0060071
48.455,0.0055518
48.46,0.0049333
48.465,0.0041598
48.47,0.0032529
48.475,0.0022457
48.48,0.0011778
48.485,8.8339e-05
48.49,-0.00098456
48.495,-0.0020034
48.5,-0.0029346
48.505,-0.0037498
48.51,-0.0044289
48.515,-0.004961
48.52,-0.005346
48.525,-0.0055924
48.53,-0.0057122
48.535,-0.0057188
48.54,-0.0056263
48.545,-0.0054505
48.55,-0.0052021
48.555,-0.0048848
48.56,-0.0045022
48.565,-0.004064
48.57,-0.0035809
48.575,-0.0030629
48.58,-0.0025239
48.585,-0.0019821
48.59,-0.001454
48.595,-0.00095261
48.6,-0.00048788
48.605,-7.3393e-05
48.61,0.00027221
48.615,0.0005343
48.62,0.00070879
48.625,0.00079894
48.63,0.00081715
48.635,0.00078735
48.64,0.00074147
48.645,0.00071402
48.65,0.00073731
48.655,0.00083822
48.66,0.0010327
48.665,0.0013246
48.67,0.001704
48.675,0.0021432
48.68,0.0026036
48.685,0.003043
48.69,0.0034204
48.695,0.0037017
48.7,0.0038722
48.705,0.003947
48.71,0.003966
48.715,0.003976
48.72,0.0040163
48.725,0.0041165
48.73,0.0042991
48.735,0.0045771
48.74,0.0049498
48.745,0.0054035
48.75,0.0059182
48.755,0.006472
48.76,0.0070449
48.765,0.007619
48.77,0.0081824
48.775,0.0087311
48.78,0.0092674
48.785,0.009795
48.79,0.010316
48.795,0.010832
48.8,0.011349
48.805,0.011867
48.81,0.012384
48.815,0.012897
48.82,0.013397
48.825,0.013877
48.83,0.014332
48.835,0.014756
48.84,0.015143
48.845,0.015486
48.85,0.015779
48.855,0.016017
48.86,0.0162
48.865,0.016333
48.87,0.016421
48.875,0.016464
48.88,0.01646
48.885,0.016403
48.89,0.01629
48.895,0.016125
48.9,0.015914
48.905,0.01567
48.91,0.015406
48.915,0.015141
48.92,0.014886
48.925,0.014644
48.93,0.014407
48.935,0.014163
48.94,0.013907
48.945,0.013637
48.95,0.013352
48.955,0.013043
48.96,0.012689
48.965,0.012262
48.97,0.011734
48.975,0.011079
48.98,0.010288
48.985,0.0093571
48.99,0.0082758
48.995,0.0070206
49,0.0055693
49.005,0.0039186
49.01,0.0020863
49.015,0.00010514
49.02,-0.0019799
49.025,-0.0041094
49.03,-0.0062126
49.035,-0.0082185
49.04,-0.010061
49.045,-0.01168
49.05,-0.013034
49.055,-0.014105
49.06,-0.014904
49.065,-0.015462
49.07,-0.015813
49.075,-0.015997
49.08,-0.016052
49.085,-0.016022
49.09,-0.015941
49.095,-0.015824
49.1,-0.015666
49.105,-0.01545
49.11,-0.015148
49.115,-0.014728
49.12,-0.014164
49.125,-0.013443
49.13,-0.012576
49.135,-0.011578
49.14,-0.010476
49.145,-0.0092953
49.15,-0.0080575
49.155,-0.0067852
49.16,-0.0054965
49.165,-0.0042012
49.17,-0.0029016
49.175,-0.0016002
49.18,-0.00030988
49.185,0.00094272
49.19,0.0021236
49.195,0.0031904
49.2,0.0040948
49.205,0.0047911
49.21,0.0052425
49.215,0.005427
49.22,0.0053448
49.225,0.0050216
49.23,0.0045014
49.235,0.0038399
49.24,0.0031008
49.245,0.0023511
49.25,0.0016475
49.255,0.0010271
49.26,0.00050227
49.265,6.73e-05
49.27,-0.00029373
49.275,-0.00060002
49.28,-0.00086664
49.285,-0.0011028
49.29,-0.0013115
49.295,-0.0014814
49.3,-0.0015904
49.305,-0.0016187
49.31,-0.0015556
49.315,-0.0014028
49.32,-0.0011716
49.325,-0.00087988
49.33,-0.00055456
49.335,-0.00022992
49.34,6.5387e-05
49.345,0.00031643
49.35,0.00051668
49.355,0.00066132
49.36,0.00075095
49.365,0.00079631
49.37,0.00080819
49.375,0.00078105
49.38,0.00069523
49.385,0.00052998
49.39,0.00027533
49.395,-6.7852e-05
49.4,-0.00049338
49.405,-0.00098467
49.41,-0.0015143
49.415,-0.0020576
49.42,-0.0026
49.425,-0.0031283
49.43,-0.0036233
49.435,-0.0040674
49.44,-0.0044603
49.445,-0.0048198
49.45,-0.0051635
49.455,-0.0055
49.46,-0.0058364
49.465,-0.0061823
49.47,-0.0065481
49.475,-0.0069332
49.48,-0.0073265
49.485,-0.0077173
49.49,-0.0080988
49.495,-0.0084646
49.5,-0.0088032
49.505,-0.0091024
49.51,-0.0093522
49.515,-0.0095421
49.52,-0.00966
49.525,-0.0097022
49.53,-0.0096808
49.535,-0.0096201
49.54,-0.0095389
49.545,-0.0094402
49.55,-0.0093182
49.555,-0.0091674
49.56,-0.0089843
49.565,-0.0087623
49.57,-0.0084891
49.575,-0.008148
49.58,-0.0077214
49.585,-0.0071923
49.59,-0.00655
49.595,-0.0057991
49.6,-0.0049618
49.605,-0.0040751
49.61,-0.0031776
49.615,-0.0022969
49.62,-0.0014512
49.625,-0.00065735
49.63,6.5544e-05
49.635,0.00069969
49.64,0.0012359
49.645,0.0016763
49.65,0.002031
49.655,0.0023083
49.66,0.0025097
49.665,0.0026345
49.67,0.0026796
49.675,0.0026426
49.68,0.0025237
49.685,0.0023261
49.69,0.0020552
49.695,0.0017156
49.7,0.0013142
49.705,0.00086372
49.71,0.0003825
49.715,-0.00010781
49.72,-0.00058499
49.725,-0.0010259
49.73,-0.001405
49.735,-0.0016989
49.74,-0.0018926
49.745,-0.0019865
49.75,-0.0019946
49.755,-0.0019363
49.76,-0.0018349
49.765,-0.0017141
49.77,-0.001595
49.775,-0.0014991
49.78,-0.0014441
49.785,-0.0014449
49.79,-0.0015129
49.795,-0.0016434
49.8,-0.0018129
49.805,-0.0019911
49.81,-0.0021551
49.815,-0.0022903
49.82,-0.0023866
49.825,-0.0024367
49.83,-0.0024344
49.835,-0.0023688
49.84,-0.0022215
49.845,-0.0019728
49.85,-0.0016105
49.855,-0.0011339
49.86,-0.00055468
49.865,0.00010862
49.87,0.00083321
49.875,0.0015884
49.88,0.0023344
49.885,0.0030334
49.89,0.0036596
49.895,0.0041978
49.9,0.0046353
49.905,0.004964
49.91,0.0051848
49.915,0.0053064
49.92,0.0053403
49.925,0.005292
49.93,0.005162
49.935,0.004953
49.94,0.0046735
49.945,0.0043383
49.95,0.0039665
49.955,0.0035779
49.96,0.0031918
49.965,0.0028281
49.97,0.002501
49.975,0.0022184
49.98,0.0019787
49.985,0.0017692
49.99,0.0015636
49.995,0.0013309
50,0.0010505
50.005,0.00071351
50.01,0.00031943
50.015,-0.0001207
50.02,-0.00058398
50.025,-0.0010385
50.03,-0.0014519
50.035,-0.0017996
50.04,-0.0020642
50.045,-0.0022298
50.05,-0.0022799
50.055,-0.0022044
50.06,-0.0020033
50.065,-0.001685
50.07,-0.0012635
50.075,-0.00075797
50.08,-0.00019429
50.085,0.00039498
50.09,0.00097436
50.095,0.0015109
50.1,0.0019775
50.105,0.0023542
50.11,0.0026271
50.115,0.0027838
50.12,0.0028144
50.125,0.0027189
50.13,0.0025151
50.135,0.0022372
50.14,0.0019256
50.145,0.0016158
50.15,0.0013356
50.155,0.0011104
50.16,0.00096744
50.165,0.0009319
50.17,0.0010203
50.175,0.0012373
50.18,0.0015771
50.185,0.0020306
50.19,0.0025859
50.195,0.0032271
50.2,0.0039362
50.205,0.0046888
50.21,0.0054536
50.215,0.0061934
50.22,0.0068716
50.225,0.0074546
50.23,0.0079097
50.235,0.0082058
50.24,0.0083238
50.245,0.008267
50.25,0.0080672
50.255,0.00778
50.26,0.0074754
50.265,0.0072259
50.27,0.0070976
50.275,0.0071388
50.28,0.0073713
50.285,0.007793
50.29,0.008386
50.295,0.0091242
50.3,0.0099746
50.305,0.010895
50.31,0.011838
50.315,0.012769
50.32,0.013663
50.325,0.014507
50.33,0.015287
50.335,0.015983
50.34,0.016571
50.345,0.017022
50.35,0.017311
50.355,0.017423
50.36,0.017352
50.365,0.017103
50.37,0.016693
50.375,0.016145
50.38,0.015493
50.385,0.01478
50.39,0.014053
50.395,0.013353
50.4,0.012695
50.405,0.012089
50.41,0.011533
50.415,0.011019
50.42,0.010523
50.425,0.010009
50.43,0.0094365
50.435,0.0087697
50.44,0.0079838
50.445,0.0070644
50.45,0.0060069
50.455,0.0048285
50.46,0.003573
50.465,0.0022985
50.47,0.0010635
50.475,-7.6703e-05
50.48,-0.0010777
50.485,-0.0019161
50.49,-0.0025898
50.495,-0.0031052
50.5,-0.00347
50.505,-0.0036951
50.51,-0.0037979
50.515,-0.0038037
50.52,-0.0037447
50.525,-0.0036518
50.53,-0.0035461
50.535,-0.0034376
50.54,-0.0033242
50.545,-0.0031924
50.55,-0.0030203
50.555,-0.0027792
50.56,-0.0024324
50.565,-0.0019365
50.57,-0.0012517
50.575,-0.0003514
50.58,0.0007744
50.585,0.0021142
50.59,0.0036377
50.595,0.0053017
50.6,0.0070592
50.605,0.00886
50.61,0.010652
50.615,0.01238
50.62,0.013981
50.625,0.015386
50.63,0.016535
50.635,0.017394
50.64,0.017959
50.645,0.018239
50.65,0.018257
50.655,0.018041
50.66,0.017628
50.665,0.017066
50.67,0.016411
50.675,0.015717
50.68,0.015036
50.685,0.014411
50.69,0.013869
50.695,0.01342
50.7,0.013054
50.705,0.012754
50.71,0.012492
50.715,0.012243
50.72,0.011988
50.725,0.011705
50.73,0.011371
50.735,0.010959
50.74,0.010441
50.745,0.0098006
50.75,0.0090329
50.755,0.0081383
50.76,0.0071245
50.765,0.0060151
50.77,0.0048523
50.775,0.0036949
50.78,0.002613
50.785,0.001674
50.79,0.00092951
50.795,0.00041352
50.8,0.00014502
50.805,0.00012505
50.81,0.00032645
50.815,0.00069174
50.82,0.0011431
50.825,0.0015976
50.83,0.0019871
50.835,0.0022767
50.84,0.0024646
50.845,0.0025731
50.85,0.0026334
50.855,0.0026721
50.86,0.0027103
50.865,0.0027623
50.87,0.0028317
50.875,0.0029091
50.88,0.0029799
50.885,0.0030308
50.89,0.0030536
50.895,0.0030477
50.9,0.0030193
50.905,0.0029797
50.91,0.0029432
50.915,0.0029245
50.92,0.0029331
50.925,0.0029692
50.93,0.0030243
50.935,0.0030812
50.94,0.0031124
50.945,0.0030827
50.95,0.0029536
50.955,0.002688
50.96,0.0022595
50.965,0.0016623
50.97,0.0009132
50.975,4.5358e-05
50.98,-0.00089598
50.985,-0.0018537
50.99,-0.0027609
50.995,-0.0035466
51,-0.004144
51.005,-0.0044962
51.01,-0.0045665
51.015,-0.0043484
51.02,-0.0038701
51.025,-0.0031873
51.03,-0.0023642
51.035,-0.0014582
51.04,-0.00051578
51.045,0.00042594
51.05,0.0013359
51.055,0.0021812
51.06,0.0029278
51.065,0.0035519
51.07,0.0040441
51.075,0.004405
51.08,0.0046364
51.085,0.0047442
51.09,0.0047392
51.095,0.0046333
51.1,0.0044395
51.105,0.0041736
51.11,0.0038566
51.115,0.0035161
51.12,0.0031822
51.125,0.0028826
51.13,0.0026394
51.135,0.0024677
51.14,0.0023736
51.145,0.0023557
51.15,0.0024068
51.155,0.0025219
51.16,0.0026975
51.165,0.0029234
51.17,0.0031789
51.175,0.0034342
51.18,0.0036552
51.185,0.0038159
51.19,0.0039014
51.195,0.0039021
51.2,0.0038097
51.205,0.0036165
51.21,0.0033225
51.215,0.0029412
51.22,0.0024983
51.225,0.002031
51.23,0.0015833
51.235,0.0011975
51.24,0.00090751
51.245,0.00073702
51.25,0.00069803
51.255,0.0007955
51.26,0.0010234
51.265,0.0013543
51.27,0.0017376
51.275,0.0021157
51.28,0.0024411
51.285,0.0026805
51.29,0.0028139
51.295,0.0028298
51.3,0.0027229
51.305,0.0024903
51.31,0.002132
51.315,0.001655
51.32,0.0010727
51.325,0.00040194
51.33,-0.00033544
51.335,-0.0011101
51.34,-0.001886
51.345,-0.0026267
51.35,-0.0033023
51.355,-0.0038948
51.36,-0.0044013
51.365,-0.0048326
51.37,-0.0052124
51.375,-0.005575
51.38,-0.0059592
51.385,-0.0063939
51.39,-0.0068893
51.395,-0.0074381
51.4,-0.0080199
51.405,-0.0086055
51.41,-0.0091645
51.415,-0.0096743
51.42,-0.010119
51.425,-0.010487
51.43,-0.010774
51.435,-0.010983
51.44,-0.011122
51.445,-0.011193
51.45,-0.011188
51.455,-0.011097
51.46,-0.010912
51.465,-0.010639
51.47,-0.010291
51.475,-0.0098869
51.48,-0.00945
51.485,-0.0090038
51.49,-0.0085699
51.495,-0.0081642
51.5,-0.0077953
51.505,-0.0074621
51.51,-0.007155
51.515,-0.006859
51.52,-0.0065571
51.525,-0.0062367
51.53,-0.0058965
51.535,-0.0055444
51.54,-0.0051955
51.545,-0.0048703
51.55,-0.0045871
51.555,-0.004352
51.56,-0.0041592
51.565,-0.0039982
51.57,-0.0038632
51.575,-0.0037566
51.58,-0.0036829
51.585,-0.0036342
51.59,-0.0035938
51.595,-0.0035447
51.6,-0.0034725
51.605,-0.0033683
51.61,-0.003225
51.615,-0.003036
51.62,-0.0027947
51.625,-0.0024957
51.63,-0.0021407
51.635,-0.0017429
51.64,-0.001326
51.645,-0.00091972
51.65,-0.00055116
51.655,-0.00024228
51.66,-4.6777e-06
51.665,0.00016305
51.67,0.00027251
51.675,0.00034027
51.68,0.00038208
51.685,0.0004134
51.69,0.00044717
51.695,0.00049174
51.7,0.00054557
51.705,0.00059691
51.71,0.0006321
51.715,0.00063912
51.72,0.00060639
51.725,0.00052381
51.73,0.0003806
51.735,0.00016839
51.74,-0.00011759
51.745,-0.00047936
51.75,-0.00091134
51.755,-0.001396
51.76,-0.0019069
51.765,-0.0024166
51.77,-0.0029047
51.775,-0.003354
51.78,-0.0037507
51.785,-0.0040882
51.79,-0.0043683
51.795,-0.0045977
51.8,-0.0047845
51.805,-0.0049359
51.81,-0.0050568
51.815,-0.0051495
51.82,-0.0052111
51.825,-0.0052327
51.83,-0.0052031
51.835,-0.0051138
51.84,-0.0049638
51.845,-0.0047588
51.85,-0.0045048
51.855,-0.0042086
51.86,-0.0038829
51.865,-0.0035503
51.87,-0.0032337
51.875,-0.0029446
51.88,-0.0026861
51.885,-0.0024611
51.89,-0.0022731
51.895,-0.0021263
51.9,-0.002022
51.905,-0.0019557
51.91,-0.0019208
51.915,-0.0019101
51.92,-0.0019133
51.925,-0.0019186
51.93,-0.0019142
51.935,-0.0018907
51.94,-0.0018424
51.945,-0.0017612
51.95,-0.0016366
51.955,-0.0014685
51.96,-0.0012692
51.965,-0.001053
51.97,-0.00082976
51.975,-0.00060768
51.98,-0.00039699
51.985,-0.00020964
51.99,-5.5927e-05
51.995,5.7559e-05
52,0.0001325
52.005,0.00017828
52.01,0.00020477
52.015,0.00022131
52.02,0.00023647
52.025,0.00025345
52.03,0.00027319
52.035,0.00029711
52.04,0.00032073
52.045,0.00033228
52.05,0.00032121
52.055,0.00028139
52.06,0.00020535
52.065,8.1535e-05
52.07,-0.00010172
52.075,-0.00034654
52.08,-0.00064516
52.085,-0.00098767
52.09,-0.001363
52.095,-0.0017543
52.1,-0.0021386
52.105,-0.0024917
52.11,-0.0027936
52.115,-0.0030274
52.12,-0.0031801
52.125,-0.0032476
52.13,-0.0032371
52.135,-0.0031639
52.14,-0.0030447
52.145,-0.0028941
52.15,-0.0027255
52.155,-0.0025539
52.16,-0.0023958
52.165,-0.0022626
52.17,-0.0021591
52.175,-0.0020869
52.18,-0.0020477
52.185,-0.0020421
52.19,-0.0020682
52.195,-0.0021253
52.2,-0.0022147
52.205,-0.0023385
52.21,-0.0024958
52.215,-0.0026798
52.22,-0.0028772
52.225,-0.0030709
52.23,-0.0032423
52.235,-0.0033724
52.24,-0.0034463
52.245,-0.0034519
52.25,-0.0033838
52.255,-0.0032446
52.26,-0.0030446
52.265,-0.0027993
52.27,-0.0025253
52.275,-0.0022392
52.28,-0.0019594
52.285,-0.0017024
52.29,-0.0014735
52.295,-0.0012713
52.3,-0.0010943
52.305,-0.00094006
52.31,-0.00080691
52.315,-0.00069729
52.32,-0.00061357
52.325,-0.00055609
52.33,-0.00052545
52.335,-0.00052108
52.34,-0.00053967
52.345,-0.00057911
52.35,-0.00063222
52.355,-0.00068814
52.36,-0.00074139
52.365,-0.00079171
52.37,-0.00084134
52.375,-0.00089489
52.38,-0.0009585
52.385,-0.0010385
52.39,-0.0011383
52.395,-0.0012569
52.4,-0.0013908
52.405,-0.0015392
52.41,-0.0017011
52.415,-0.0018714
52.42,-0.0020463
52.425,-0.0022269
52.43,-0.0024159
52.435,-0.0026113
52.44,-0.0028093
52.445,-0.0030122
52.45,-0.0032267
52.455,-0.0034543
52.46,-0.0036909
52.465,-0.0039331
52.47,-0.0041799
52.475,-0.0044309
52.48,-0.0046849
52.485,-0.0049436
52.49,-0.0052103
52.495,-0.0054874
52.5,-0.005773
52.505,-0.0060633
52.51,-0.0063513
52.515,-0.0066246
52.52,-0.0068666
52.525,-0.0070579
52.53,-0.0071804
52.535,-0.0072221
52.54,-0.0071779
52.545,-0.0070496
52.55,-0.006842
52.555,-0.0065622
52.56,-0.0062213
52.565,-0.0058393
52.57,-0.0054386
52.575,-0.0050359
52.58,-0.0046416
52.585,-0.004266
52.59,-0.0039153
52.595,-0.0035852
52.6,-0.0032604
52.605,-0.0029288
52.61,-0.0025897
52.615,-0.0022442
52.62,-0.0018853
52.625,-0.0015033
52.63,-0.0011007
52.635,-0.00069294
52.64,-0.00029881
52.645,6.9615e-05
52.65,0.00040864
52.655,0.00071852
52.66,0.00099798
52.665,0.0012416
52.67,0.0014436
52.675,0.0016029
52.68,0.0017201
52.685,0.0017936
52.69,0.0018176
52.695,0.0017826
52.7,0.0016783
52.705,0.0014981
52.71,0.0012424
52.715,0.00091925
52.72,0.00054589
52.725,0.00014616
52.73,-0.00025509
52.735,-0.00063508
52.74,-0.00097687
52.745,-0.0012716
52.75,-0.0015163
52.755,-0.0017117
52.76,-0.0018646
52.765,-0.00199
52.77,-0.0021083
52.775,-0.0022374
52.78,-0.0023931
52.785,-0.0025858
52.79,-0.0028191
52.795,-0.0030898
52.8,-0.0033854
52.805,-0.0036884
52.81,-0.0039862
52.815,-0.0042744
52.82,-0.0045477
52.825,-0.0047961
52.83,-0.0050121
52.835,-0.0051934
52.84,-0.0053431
52.845,-0.0054663
52.85,-0.0055675
52.855,-0.0056488
52.86,-0.0057089
52.865,-0.0057488
52.87,-0.0057752
52.875,-0.0057961
52.88,-0.0058187
52.885,-0.0058524
52.89,-0.0059072
52.895,-0.0059886
52.9,-0.0061002
52.905,-0.0062448
52.91,-0.0064235
52.915,-0.0066355
52.92,-0.0068759
52.925,-0.007133
52.93,-0.0073918
52.935,-0.0076402
52.94,-0.0078682
52.945,-0.0080654
52.95,-0.0082219
52.955,-0.0083258
52.96,-0.0083666
52.965,-0.0083376
52.97,-0.008237
52.975,-0.0080632
52.98,-0.0078096
52.985,-0.00747
52.99,-0.0070446
52.995,-0.0065421
53,-0.005978
53.005,-0.0053723
53.01,-0.0047452
53.015,-0.0041165
53.02,-0.0035033
53.025,-0.0029191
53.03,-0.0023746
53.035,-0.0018776
53.04,-0.0014273
53.045,-0.0010164
53.05,-0.0006416
53.055,-0.00030528
53.06,-1.0145e-05
53.065,0.00024499
53.07,0.00046823
53.075,0.00067138
53.08,0.00086916
53.085,0.0010768
53.09,0.0013086
53.095,0.0015744
53.1,0.0018785
53.105,0.0022204
53.11,0.0025956
53.115,0.0029931
53.12,0.0033933
53.125,0.0037743
53.13,0.004119
53.135,0.0044158
53.14,0.0046628
53.145,0.0048665
53.15,0.0050387
53.155,0.0051941
53.16,0.0053492
53.165,0.0055206
53.17,0.0057261
53.175,0.0059787
53.18,0.0062792
53.185,0.0066152
53.19,0.0069646
53.195,0.0073012
53.2,0.0076036
53.205,0.0078566
53.21,0.0080498
53.215,0.0081789
53.22,0.0082477
53.225,0.0082665
53.23,0.0082507
53.235,0.008221
53.24,0.0082003
53.245,0.0082072
53.25,0.0082518
53.255,0.0083339
53.26,0.0084479
53.265,0.0085866
53.27,0.0087411
53.275,0.0089046
53.28,0.0090755
53.285,0.0092545
53.29,0.0094403
53.295,0.0096306
53.3,0.0098268
53.305,0.010034
53.31,0.010254
53.315,0.010482
53.32,0.010715
53.325,0.010945
53.33,0.011163
53.335,0.011357
53.34,0.011516
53.345,0.01163
53.35,0.011692
53.355,0.011704
53.36,0.011665
53.365,0.011576
53.37,0.011442
53.375,0.01127
53.38,0.011069
53.385,0.010843
53.39,0.010596
53.395,0.010329
53.4,0.010044
53.405,0.0097413
53.41,0.0094276
53.415,0.0091085
53.42,0.0087843
53.425,0.0084504
53.43,0.0081019
53.435,0.0077405
53.44,0.0073712
53.445,0.0069967
53.45,0.006618
53.455,0.0062359
53.46,0.0058523
53.465,0.0054748
53.47,0.0051112
53.475,0.004765
53.48,0.0044401
53.485,0.0041448
53.49,0.0038891
53.495,0.0036807
53.5,0.0035255
53.505,0.0034269
53.51,0.0033845
53.515,0.0033915
53.52,0.0034347
53.525,0.0034955
53.53,0.0035493
53.535,0.0035731
53.54,0.0035521
53.545,0.0034801
53.55,0.0033616
53.555,0.0032081
53.56,0.0030332
53.565,0.0028468
53.57,0.0026545
53.575,0.0024592
53.58,0.0022622
53.585,0.002061
53.59,0.0018548
53.595,0.0016465
53.6,0.0014379
53.605,0.0012321
53.61,0.0010336
53.615,0.00085089
53.62,0.00069727
53.625,0.00058485
53.63,0.00052267
53.635,0.00052165
53.64,0.00059028
53.645,0.00073041
53.65,0.00094059
53.655,0.0012145
53.66,0.0015399
53.665,0.0018997
53.67,0.0022728
53.675,0.002637
53.68,0.0029677
53.685,0.0032466
53.69,0.0034662
53.695,0.0036265
53.7,0.0037324
53.705,0.003793
53.71,0.0038203
53.715,0.0038272
53.72,0.0038236
53.725,0.0038165
53.73,0.0038091
53.735,0.0037994
53.74,0.0037853
53.745,0.0037659
53.75,0.0037389
53.755,0.0036999
53.76,0.0036451
53.765,0.0035754
53.77,0.0034996
53.775,0.0034305
53.78,0.0033791
53.785,0.0033527
53.79,0.003354
53.795,0.0033824
53.8,0.0034359
53.805,0.0035154
53.81,0.0036212
53.815,0.0037486
53.82,0.0038852
53.825,0.0040173
53.83,0.004135
53.835,0.0042335
53.84,0.0043097
53.845,0.0043585
53.85,0.0043736
53.855,0.004349
53.86,0.0042802
53.865,0.0041642
53.87,0.0039998
53.875,0.0037895
53.88,0.0035376
53.885,0.0032529
53.89,0.0029479
53.895,0.0026331
53.9,0.0023132
53.905,0.001989
53.91,0.0016591
53.915,0.0013206
53.92,0.00096896
53.925,0.00059952
53.93,0.00021005
53.935,-0.00019238
53.94,-0.0005906
53.945,-0.0009635
53.95,-0.0012916
53.955,-0.0015602
53.96,-0.0017618
53.965,-0.0018926
53.97,-0.0019511
53.975,-0.0019385
53.98,-0.0018622
53.985,-0.0017395
53.99,-0.0015945
53.995,-0.0014529
54,-0.0013375
54.005,-0.0012611
54.01,-0.001229
54.015,-0.0012435
54.02,-0.001306
54.025,-0.0014119
54.03,-0.0015455
54.035,-0.0016837
54.04,-0.0018048
54.045,-0.0018943
54.05,-0.0019459
54.055,-0.0019629
54.06,-0.0019534
54.065,-0.001924
54.07,-0.0018785
54.075,-0.001818
54.08,-0.0017418
54.085,-0.0016484
54.09,-0.00154
54.095,-0.0014257
54.1,-0.0013208
54.105,-0.0012389
54.11,-0.0011894
54.115,-0.0011766
54.12,-0.0012015
54.125,-0.0012648
54.13,-0.0013616
54.135,-0.0014808
54.14,-0.0016112
54.145,-0.001745
54.15,-0.0018789
54.155,-0.0020108
54.16,-0.0021406
54.165,-0.0022739
54.17,-0.0024186
54.175,-0.0025776
54.18,-0.0027479
54.185,-0.0029202
54.19,-0.0030844
54.195,-0.0032352
54.2,-0.0033741
54.205,-0.0035075
54.21,-0.00364
54.215,-0.0037735
54.22,-0.0039112
54.225,-0.0040588
54.23,-0.004219
54.235,-0.0043891
54.24,-0.0045627
54.245,-0.0047331
54.25,-0.0048944
54.255,-0.0050412
54.26,-0.00517
54.265,-0.0052798
54.27,-0.0053697
54.275,-0.0054384
54.28,-0.0054845
54.285,-0.0055019
54.29,-0.0054833
54.295,-0.0054263
54.3,-0.0053323
54.305,-0.0052038
54.31,-0.0050431
54.315,-0.0048535
54.32,-0.004643
54.325,-0.004423
54.33,-0.0042051
54.335,-0.0039927
54.34,-0.0037802
54.345,-0.0035587
54.35,-0.0033213
54.355,-0.0030603
54.36,-0.0027669
54.365,-0.002436
54.37,-0.0020686
54.375,-0.00167
54.38,-0.0012461
54.385,-0.00080513
54.39,-0.00035693
54.395,8.7852e-05
54.4,0.00051949
54.405,0.0009321
54.41,0.0013226
54.415,0.0016894
54.42,0.0020348
54.425,0.0023624
54.43,0.0026737
54.435,0.0029703
54.44,0.0032568
54.445,0.0035353
54.45,0.003805
54.455,0.0040691
54.46,0.0043326
54.465,0.0045968
54.47,0.0048585
54.475,0.005113
54.48,0.0053562
54.485,0.0055844
54.49,0.0057922
54.495,0.0059747
54.5,0.006129
54.505,0.0062575
54.51,0.0063642
54.515,0.0064482
54.52,0.0065051
54.525,0.006532
54.53,0.0065303
54.535,0.0065059
54.54,0.0064644
54.545,0.0064068
54.55,0.0063267
54.555,0.0062101
54.56,0.0060408
54.565,0.0058081
54.57,0.0055086
54.575,0.0051421
54.58,0.004712
54.585,0.0042356
54.59,0.0037436
54.595,0.0032681
54.6,0.0028365
54.605,0.0024673
54.61,0.0021685
54.615,0.0019393
54.62,0.0017667
54.625,0.0016295
54.63,0.001502
54.635,0.00136
54.64,0.0011868
54.645,0.00097602
54.65,0.00072799
54.655,0.00045075
54.66,0.00015461
54.665,-0.00015542
54.67,-0.00047654
54.675,-0.00080481
54.68,-0.001137
54.685,-0.0014723
54.69,-0.0018108
54.695,-0.002154
54.7,-0.0025005
54.705,-0.002846
54.71,-0.0031865
54.715,-0.0035148
54.72,-0.0038178
54.725,-0.0040824
54.73,-0.0043005
54.735,-0.0044653
54.74,-0.0045705
54.745,-0.0046163
54.75,-0.0046078
54.755,-0.0045553
54.76,-0.0044734
54.765,-0.0043776
54.77,-0.0042816
54.775,-0.0041934
54.78,-0.0041172
54.785,-0.0040558
54.79,-0.00401
54.795,-0.0039735
54.8,-0.003935
54.805,-0.0038871
54.81,-0.0038303
54.815,-0.0037682
54.82,-0.0037032
54.825,-0.0036328
54.83,-0.0035531
54.835,-0.0034613
54.84,-0.0033566
54.845,-0.0032396
54.85,-0.0031108
54.855,-0.0029712
54.86,-0.002827
54.865,-0.0026911
54.87,-0.0025773
54.875,-0.0024998
54.88,-0.00247
54.885,-0.0024935
54.89,-0.0025687
54.895,-0.0026887
54.9,-0.0028492
54.905,-0.003045
54.91,-0.0032659
54.915,-0.0035008
54.92,-0.0037369
54.925,-0.0039622
54.93,-0.0041703
54.935,-0.004361
54.94,-0.0045387
54.945,-0.0047067
54.95,-0.0048637
54.955,-0.0050046
54.96,-0.005126
54.965,-0.0052271
54.97,-0.0053099
54.975,-0.0053772
54.98,-0.0054314
54.985,-0.0054784
54.99,-0.0055259
54.995,-0.0055801
55,-0.0056455
55.005,-0.0057255
55.01,-0.0058207
55.015,-0.0059241
55.02,-0.0060256
55.025,-0.0061127
55.03,-0.0061735
55.035,-0.0062004
55.04,-0.0061882
55.045,-0.0061288
55.05,-0.0060155
55.055,-0.0058483
55.06,-0.0056365
55.065,-0.0053902
55.07,-0.0051126
55.075,-0.0048083
55.08,-0.0044883
55.085,-0.0041631
55.09,-0.0038385
55.095,-0.0035154
55.1,-0.0031953
55.105,-0.0028827
55.11,-0.0025827
55.115,-0.0023007
55.12,-0.0020385
55.125,-0.0017968
55.13,-0.0015813
55.135,-0.0013978
55.14,-0.0012455
55.145,-0.0011182
55.15,-0.0010108
55.155,-0.00091839
55.16,-0.00083149
55.165,-0.00073769
55.17,-0.00062645
55.175,-0.00049083
55.18,-0.00032679
55.185,-0.00013364
55.19,8.4066e-05
55.195,0.000316
55.2,0.00054818
55.205,0.00076939
55.21,0.00097027
55.215,0.0011375
55.22,0.0012594
55.225,0.0013302
55.23,0.0013492
55.235,0.0013197
55.24,0.001251
55.245,0.001156
55.25,0.001046
55.255,0.00093526
55.26,0.00083913
55.265,0.00076765
55.27,0.00071798
55.275,0.00067669
55.28,0.00062724
55.285,0.00055788
55.29,0.00046091
55.295,0.0003303
55.3,0.00016479
55.305,-2.9099e-05
55.31,-0.00023803
55.315,-0.00044915
55.32,-0.00065242
55.325,-0.00083935
55.33,-0.0010023
55.335,-0.0011393
55.34,-0.0012545
55.345,-0.0013527
55.35,-0.0014389
55.355,-0.0015161
55.36,-0.0015874
55.365,-0.0016536
55.37,-0.0017134
55.375,-0.0017649
55.38,-0.0018048
55.385,-0.0018301
55.39,-0.0018396
55.395,-0.0018328
55.4,-0.0018113
55.405,-0.0017756
55.41,-0.0017256
55.415,-0.001665
55.42,-0.0015993
55.425,-0.0015347
55.43,-0.0014782
55.435,-0.0014356
55.44,-0.0014088
55.445,-0.0013964
55.45,-0.001394
55.455,-0.001394
55.46,-0.0013868
55.465,-0.0013686
55.47,-0.0013354
55.475,-0.0012805
55.48,-0.0012018
55.485,-0.0011067
55.49,-0.0010061
55.495,-0.00091425
55.5,-0.00085052
55.505,-0.00083525
55.51,-0.00088579
55.515,-0.0010106
55.52,-0.0012085
55.525,-0.0014694
55.53,-0.0017778
55.535,-0.0021164
55.54,-0.0024662
55.545,-0.0028074
55.55,-0.0031243
55.555,-0.00341
55.56,-0.0036651
55.565,-0.0038955
55.57,-0.0041106
55.575,-0.0043176
55.58,-0.0045203
55.585,-0.0047207
55.59,-0.004922
55.595,-0.0051262
55.6,-0.0053315
55.605,-0.0055333
55.61,-0.0057262
55.615,-0.0059084
55.62,-0.0060834
55.625,-0.006256
55.63,-0.006431
55.635,-0.0066096
55.64,-0.0067865
55.645,-0.0069552
55.65,-0.0071132
55.655,-0.0072571
55.66,-0.0073782
55.665,-0.007469
55.67,-0.0075301
55.675,-0.0075682
55.68,-0.0075903
55.685,-0.0076025
55.69,-0.00761
55.695,-0.0076186
55.7,-0.0076301
55.705,-0.0076421
55.71,-0.0076505
55.715,-0.0076527
55.72,-0.0076478
55.725,-0.0076362
55.73,-0.0076232
55.735,-0.0076196
55.74,-0.0076381
55.745,-0.0076903
55.75,-0.0077815
55.755,-0.0079075
55.76,-0.0080613
55.765,-0.0082354
55.77,-0.0084182
55.775,-0.0085963
55.78,-0.0087622
55.785,-0.0089146
55.79,-0.0090575
55.795,-0.0091982
55.8,-0.0093456
55.805,-0.0095048
55.81,-0.0096716
55.815,-0.0098335
55.82,-0.0099789
55.825,-0.0101
55.83,-0.010191
55.835,-0.010246
55.84,-0.010254
55.845,-0.010215
55.85,-0.010133
55.855,-0.01002
55.86,-0.0098889
55.865,-0.0097447
55.87,-0.0095906
55.875,-0.0094262
55.88,-0.0092488
55.885,-0.0090551
55.89,-0.0088411
55.895,-0.0086043
55.9,-0.0083433
55.905,-0.0080575
55.91,-0.0077496
55.915,-0.0074251
55.92,-0.0070898
55.925,-0.0067481
55.93,-0.0064052
55.935,-0.0060709
55.94,-0.0057565
55.945,-0.0054701
55.95,-0.0052122
55.955,-0.0049766
55.96,-0.0047586
55.965,-0.0045587
55.97,-0.004382
55.975,-0.0042379
55.98,-0.0041349
55.985,-0.0040755
55.99,-0.0040545
55.995,-0.0040614
56,-0.0040825
56.005,-0.0041027
56.01,-0.0041075
56.015,-0.0040873
56.02,-0.0040381
56.025,-0.0039643
56.03,-0.0038832
56.035,-0.0038168
56.04,-0.0037781
56.045,-0.0037691
56.05,-0.0037782
56.055,-0.0037874
56.06,-0.0037796
56.065,-0.0037394
56.07,-0.003652
56.075,-0.0035042
56.08,-0.0032894
56.085,-0.003012
56.09,-0.0026836
56.095,-0.0023161
56.1,-0.0019211
56.105,-0.0015084
56.11,-0.0010846
56.115,-0.00066047
56.12,-0.00025114
56.125,0.00013239
56.13,0.00048304
56.135,0.00079168
56.14,0.0010494
56.145,0.0012477
56.15,0.0013843
56.155,0.0014647
56.16,0.0014968
56.165,0.0014876
56.17,0.0014463
56.175,0.0013823
56.18,0.0013058
56.185,0.0012259
56.19,0.0011512
56.195,0.0010866
56.2,0.0010321
56.205,0.00098725
56.21,0.00095071
56.215,0.00091834
56.22,0.00088265
56.225,0.00083491
56.23,0.00077042
56.235,0.00069216
56.24,0.0006054
56.245,0.00051349
56.25,0.00041993
56.255,0.00032505
56.26,0.000225
56.265,0.00011616
56.27,-2.2529e-06
56.275,-0.00013027
56.28,-0.00027072
56.285,-0.0004215
56.29,-0.00057378
56.295,-0.00072124
56.3,-0.00086085
56.305,-0.00099132
56.31,-0.0011119
56.315,-0.0012224
56.32,-0.0013231
56.325,-0.0014132
56.33,-0.0014869
56.335,-0.0015383
56.34,-0.0015697
56.345,-0.0015901
56.35,-0.0016093
56.355,-0.0016297
56.36,-0.0016481
56.365,-0.0016619
56.37,-0.0016659
56.375,-0.0016543
56.38,-0.001623
56.385,-0.0015717
56.39,-0.0015058
56.395,-0.0014311
56.4,-0.0013487
56.405,-0.0012566
56.41,-0.001156
56.415,-0.0010534
56.42,-0.00095862
56.425,-0.00087845
56.43,-0.00081144
56.435,-0.00074915
56.44,-0.00067995
56.445,-0.00059409
56.45,-0.00048793
56.455,-0.00036406
56.46,-0.00022963
56.465,-9.7479e-05
56.47,1.3886e-05
56.475,8.8342e-05
56.48,0.00011929
56.485,0.00010493
56.49,4.4038e-05
56.495,-6.421e-05
56.5,-0.00021516
56.505,-0.00039492
56.51,-0.00058174
56.515,-0.00075211
56.52,-0.0008877
56.525,-0.00098133
56.53,-0.0010385
56.535,-0.00107
56.54,-0.0010873
56.545,-0.0011017
56.55,-0.0011222
56.555,-0.0011568
56.56,-0.0012125
56.565,-0.0012907
56.57,-0.0013784
56.575,-0.0014508
56.58,-0.0014844
56.585,-0.0014655
56.59,-0.0013872
56.595,-0.0012465
56.6,-0.0010464
56.605,-0.00079589
56.61,-0.00050828
56.615,-0.00019937
56.62,0.00011357
56.625,0.00041223
56.63,0.00068201
56.635,0.00091642
56.64,0.001117
56.645,0.001292
56.65,0.0014524
56.655,0.0016066
56.66,0.0017612
56.665,0.0019243
56.67,0.0020999
56.675,0.0022805
56.68,0.0024519
56.685,0.002602
56.69,0.0027259
56.695,0.0028202
56.7,0.00288
56.705,0.0029029
56.71,0.0028911
56.715,0.0028481
56.72,0.0027779
56.725,0.0026894
56.73,0.0025948
56.735,0.0025052
56.74,0.0024323
56.745,0.0023836
56.75,0.002363
56.755,0.0023728
56.76,0.0024128
56.765,0.0024773
56.77,0.0025583
56.775,0.0026502
56.78,0.0027463
56.785,0.0028337
56.79,0.0029005
56.795,0.0029505
56.8,0.002996
56.805,0.0030435
56.81,0.0030927
56.815,0.003141
56.82,0.0031881
56.825,0.0032387
56.83,0.0032941
56.835,0.0033448
56.84,0.0033804
56.845,0.0033958
56.85,0.0033902
56.855,0.0033653
56.86,0.0033216
56.865,0.0032571
56.87,0.0031706
56.875,0.003063
56.88,0.0029356
56.885,0.0027915
56.89,0.0026342
56.895,0.0024661
56.9,0.0022907
56.905,0.0021156
56.91,0.0019515
56.915,0.001808
56.92,0.0016897
56.925,0.0015965
56.93,0.0015275
56.935,0.0014824
56.94,0.0014578
56.945,0.0014451
56.95,0.0014336
56.955,0.0014153
56.96,0.0013855
56.965,0.0013412
56.97,0.0012812
56.975,0.0012027
56.98,0.001103
56.985,0.00098674
56.99,0.0008628
56.995,0.00073595
57,0.00060849
57.005,0.00048443
57.01,0.0003685
57.015,0.00026343
57.02,0.00016992
57.025,8.7687e-05
57.03,1.7925e-05
57.035,-3.6691e-05
57.04,-7.5557e-05
57.045,-0.00010102
57.05,-0.00011571
57.055,-0.00012342
57.06,-0.00012885
57.065,-0.00013142
57.07,-0.00012397
57.075,-9.7833e-05
57.08,-4.6875e-05
57.085,3.4283e-05
57.09,0.00015233
57.095,0.00030894
57.1,0.00049782
57.105,0.00070749
57.11,0.00092491
57.115,0.0011406
57.12,0.00135
57.125,0.0015498
57.13,0.0017397
57.135,0.0019197
57.14,0.0020866
57.145,0.002236
57.15,0.002364
57.155,0.0024664
57.16,0.0025396
57.165,0.0025797
57.17,0.0025835
57.175,0.0025502
57.18,0.0024785
57.185,0.0023707
57.19,0.0022365
57.195,0.0020865
57.2,0.0019304
57.205,0.0017734
57.21,0.0016175
57.215,0.0014637
57.22,0.0013118
57.225,0.0011616
57.23,0.0010156
57.235,0.00087764
57.24,0.00075344
57.245,0.00064886
57.25,0.00056527
57.255,0.00049979
57.26,0.00044936
57.265,0.00041109
57.27,0.00038436
57.275,0.00037274
57.28,0.00037999
57.285,0.00040931
57.29,0.00046409
57.295,0.00054382
57.3,0.00064323
57.305,0.00075549
57.31,0.00087353
57.315,0.00099458
57.32,0.0011198
57.325,0.0012487
57.33,0.0013807
57.335,0.0015143
57.34,0.001645
57.345,0.0017672
57.35,0.0018763
57.355,0.0019717
57.36,0.0020562
57.365,0.0021298
57.37,0.0021901
57.375,0.0022339
57.38,0.0022597
57.385,0.0022716
57.39,0.0022755
57.395,0.0022774
57.4,0.0022833
57.405,0.002294
57.41,0.002305
57.415,0.002314
57.42,0.0023234
57.425,0.0023376
57.43,0.0023591
57.435,0.0023898
57.44,0.0024342
57.445,0.0024988
57.45,0.0025905
57.455,0.0027159
57.46,0.0028774
57.465,0.0030662
57.47,0.0032651
57.475,0.0034562
57.48,0.0036294
57.485,0.0037825
57.49,0.0039142
57.495,0.0040212
57.5,0.0041036
57.505,0.0041636
57.51,0.0042033
57.515,0.0042249
57.52,0.0042283
57.525,0.0042151
57.53,0.0041887
57.535,0.004154
57.54,0.0041167
57.545,0.0040772
57.55,0.0040312
57.555,0.0039775
57.56,0.0039179
57.565,0.003852
57.57,0.0037729
57.575,0.003674
57.58,0.0035559
57.585,0.0034232
57.59,0.0032846
57.595,0.0031523
57.6,0.0030388
57.605,0.0029524
57.61,0.0028938
57.615,0.0028566
57.62,0.0028325
57.625,0.0028167
57.63,0.0028054
57.635,0.0027927
57.64,0.0027669
57.645,0.0027158
57.65,0.0026309
57.655,0.0025081
57.66,0.0023504
57.665,0.0021641
57.67,0.0019536
57.675,0.0017227
57.68,0.001476
57.685,0.0012205
57.69,0.00096694
57.695,0.00072761
57.7,0.00051557
57.705,0.00034164
57.71,0.00021068
57.715,0.00012111
57.72,6.7156e-05
57.725,4.269e-05
57.73,4.2254e-05
57.735,5.8155e-05
57.74,7.9621e-05
57.745,9.6445e-05
57.75,0.00010249
57.755,9.9433e-05
57.76,9.4423e-05
57.765,9.4016e-05
57.77,0.00010453
57.775,0.00013121
57.78,0.00017161
57.785,0.00021475
57.79,0.00024977
57.795,0.00027237
57.8,0.00028758
57.805,0.00030237
57.81,0.00031913
57.815,0.00033786
57.82,0.00035999
57.825,0.00039036
57.83,0.00043526
57.835,0.0004971
57.84,0.00057311
57.845,0.00065724
57.85,0.00074297
57.855,0.00082682
57.86,0.00090678
57.865,0.00097903
57.87,0.0010395
57.875,0.0010862
57.88,0.0011185
57.885,0.00114
57.89,0.0011558
57.895,0.0011686
57.9,0.0011819
57.905,0.001199
57.91,0.0012234
57.915,0.0012602
57.92,0.0013105
57.925,0.0013678
57.93,0.0014227
57.935,0.0014671
57.94,0.0014937
57.945,0.0014993
57.95,0.0014886
57.955,0.0014705
57.96,0.0014552
57.965,0.0014532
57.97,0.0014699
57.975,0.0015043
57.98,0.001551
57.985,0.0016013
57.99,0.0016406
57.995,0.0016519
58,0.0016228
58.005,0.0015479
58.01,0.0014291
58.015,0.0012753
58.02,0.0011004
58.025,0.00091907
58.03,0.00074666
58.035,0.00059383
58.04,0.00046164
58.045,0.00034676
58.05,0.0002448
58.055,0.00014856
58.06,4.9241e-05
58.065,-6.0158e-05
58.07,-0.00018022
58.075,-0.00030376
58.08,-0.0004172
58.085,-0.0005054
58.09,-0.00055476
58.095,-0.00055849
58.1,-0.00051734
58.105,-0.00043781
58.11,-0.00032958
58.115,-0.000205
58.12,-7.9045e-05
58.125,3.5695e-05
58.13,0.00013205
58.135,0.00020633
58.14,0.00026055
58.145,0.00030078
58.15,0.00033218
58.155,0.00035582
58.16,0.00036984
58.165,0.0003763
58.17,0.00038219
58.175,0.00039179
58.18,0.00040222
58.185,0.00040707
58.19,0.00040217
58.195,0.00038944
58.2,0.00037408
58.205,0.00036148
58.21,0.0003579
58.215,0.00037022
58.22,0.00040521
58.225,0.00046686
58.23,0.00055192
58.235,0.00065064
58.24,0.0007549
58.245,0.00086057
58.25,0.00096584
58.255,0.0010722
58.26,0.0011857
58.265,0.0013151
58.27,0.0014701
58.275,0.0016558
58.28,0.0018721
58.285,0.0021179
58.29,0.0023886
58.295,0.0026713
58.3,0.0029466
58.305,0.0031958
58.31,0.0034066
58.315,0.0035747
58.32,0.0037003
58.325,0.0037828
58.33,0.0038241
58.335,0.0038353
58.34,0.0038323
58.345,0.003827
58.35,0.0038263
58.355,0.0038321
58.36,0.0038438
58.365,0.0038632
58.37,0.0038938
58.375,0.0039366
58.38,0.0039885
58.385,0.0040461
58.39,0.00411
58.395,0.0041899
58.4,0.0042989
58.405,0.0044425
58.41,0.0046181
58.415,0.0048213
58.42,0.0050467
58.425,0.005287
58.43,0.0055343
58.435,0.0057815
58.44,0.0060239
58.445,0.0062577
58.45,0.0064801
58.455,0.0066877
58.46,0.0068781
58.465,0.0070506
58.47,0.007205
58.475,0.0073395
58.48,0.0074531
58.485,0.0075459
58.49,0.0076147
58.495,0.0076556
58.5,0.0076675
58.505,0.0076538
58.51,0.0076224
58.515,0.0075799
58.52,0.0075296
58.525,0.0074719
58.53,0.0074052
58.535,0.0073249
58.54,0.0072234
58.545,0.0070956
58.55,0.0069425
58.555,0.0067716
58.56,0.0065884
58.565,0.0063974
58.57,0.0062061
58.575,0.0060206
58.58,0.0058439
58.585,0.0056758
58.59,0.0055178
58.595,0.0053751
58.6,0.0052504
58.605,0.005144
58.61,0.005055
58.615,0.0049826
58.62,0.0049281
58.625,0.0048928
58.63,0.0048748
58.635,0.00487
58.64,0.0048782
58.645,0.0049008
58.65,0.0049369
58.655,0.004984
58.66,0.0050431
58.665,0.0051204
58.67,0.0052201
58.675,0.0053385
58.68,0.0054691
58.685,0.0056064
58.69,0.0057402
58.695,0.0058538
58.7,0.0059327
58.705,0.0059697
58.71,0.0059662
58.715,0.0059272
58.72,0.0058594
58.725,0.0057695
58.73,0.005666
58.735,0.0055634
58.74,0.0054763
58.745,0.0054108
58.75,0.0053642
58.755,0.0053307
58.76,0.0053092
58.765,0.0053021
58.77,0.0053108
58.775,0.0053336
58.78,0.0053661
58.785,0.0054071
58.79,0.0054586
58.795,0.0055225
58.8,0.005599
58.805,0.0056869
58.81,0.0057829
58.815,0.0058793
58.82,0.0059656
58.825,0.0060311
58.83,0.0060667
58.835,0.0060676
58.84,0.0060336
58.845,0.0059657
58.85,0.0058668
58.855,0.0057465
58.86,0.0056187
58.865,0.0054992
58.87,0.0054063
58.875,0.0053567
58.88,0.005355
58.885,0.005391
58.89,0.0054492
58.895,0.0055159
58.9,0.0055807
58.905,0.0056342
58.91,0.0056667
58.915,0.0056687
58.92,0.005633
58.925,0.0055563
58.93,0.0054373
58.935,0.0052748
58.94,0.0050721
58.945,0.0048344
58.95,0.0045656
58.955,0.0042723
58.96,0.0039628
58.965,0.0036446
58.97,0.0033243
58.975,0.0030154
58.98,0.0027393
58.985,0.0025163
58.99,0.0023614
58.995,0.0022866
59,0.002298
59.005,0.0023945
59.01,0.0025641
59.015,0.0027855
59.02,0.0030323
59.025,0.0032748
59.03,0.0034857
59.035,0.003645
59.04,0.0037442
59.045,0.0037869
59.05,0.0037827
59.055,0.003745
59.06,0.0036878
59.065,0.0036238
59.07,0.0035636
59.075,0.0035144
59.08,0.0034774
59.085,0.0034495
59.09,0.0034291
59.095,0.0034158
59.1,0.0034073
59.105,0.0034027
59.11,0.003404
59.115,0.0034116
59.12,0.0034232
59.125,0.0034342
59.13,0.0034369
59.135,0.0034243
59.14,0.0033891
59.145,0.0033207
59.15,0.0032091
59.155,0.0030455
59.16,0.0028261
59.165,0.0025551
59.17,0.0022404
59.175,0.0018955
59.18,0.0015365
59.185,0.0011754
59.19,0.00082193
59.195,0.00048476
59.2,0.00016932
59.205,-0.00011959
59.21,-0.00037678
59.215,-0.00059557
59.22,-0.00077012
59.225,-0.00089484
59.23,-0.00096182
59.235,-0.00096388
59.24,-0.00090084
59.245,-0.00077947
59.25,-0.00061371
59.255,-0.00042423
59.26,-0.00023678
59.265,-7.7244e-05
59.27,3.588e-05
59.275,9.4887e-05
59.28,9.9622e-05
59.285,5.5983e-05
59.29,-2.4941e-05
59.295,-0.00012864
59.3,-0.0002398
59.305,-0.00034994
59.31,-0.00045814
59.315,-0.00056509
59.32,-0.00067211
59.325,-0.00078105
59.33,-0.00089253
59.335,-0.0010063
59.34,-0.0011198
59.345,-0.0012292
59.35,-0.0013309
59.355,-0.0014234
59.36,-0.0015062
59.365,-0.0015795
59.37,-0.0016456
59.375,-0.0017105
59.38,-0.0017785
59.385,-0.0018502
59.39,-0.0019255
59.395,-0.0020013
59.4,-0.0020722
59.405,-0.0021351
59.41,-0.0021924
59.415,-0.0022485
59.42,-0.0023082
59.425,-0.0023766
59.43,-0.0024565
59.435,-0.002545
59.44,-0.0026374
59.445,-0.0027287
59.45,-0.0028182
59.455,-0.0029034
59.46,-0.0029785
59.465,-0.0030387
59.47,-0.0030844
59.475,-0.0031228
59.48,-0.003162
59.485,-0.0032051
59.49,-0.0032502
59.495,-0.0032959
59.5,-0.003345
59.505,-0.0033993
59.51,-0.003459
59.515,-0.0035263
59.52,-0.0036071
59.525,-0.0037046
59.53,-0.003819
59.535,-0.003947
59.54,-0.0040822
59.545,-0.0042218
59.55,-0.004369
59.555,-0.0045274
59.56,-0.0046973
59.565,-0.0048755
59.57,-0.0050588
59.575,-0.0052474
59.58,-0.0054436
59.585,-0.0056472
59.59,-0.0058575
59.595,-0.0060754
59.6,-0.0062994
59.605,-0.0065252
59.61,-0.0067438
59.615,-0.0069409
59.62,-0.0071014
59.625,-0.0072154
59.63,-0.0072831
59.635,-0.0073142
59.64,-0.0073201
59.645,-0.0073093
59.65,-0.0072873
59.655,-0.0072536
59.66,-0.007205
59.665,-0.0071389
59.67,-0.0070538
59.675,-0.0069457
59.68,-0.0068085
59.685,-0.0066406
59.69,-0.0064464
59.695,-0.0062342
59.7,-0.006017
59.705,-0.0058111
59.71,-0.0056329
59.715,-0.0054959
59.72,-0.0054108
59.725,-0.0053858
59.73,-0.0054251
59.735,-0.0055266
59.74,-0.0056849
59.745,-0.0058932
59.75,-0.0061385
59.755,-0.0064004
59.76,-0.0066606
59.765,-0.0069061
59.77,-0.0071265
59.775,-0.0073117
59.78,-0.0074574
59.785,-0.0075673
59.79,-0.0076475
59.795,-0.0076979
59.8,-0.0077146
59.805,-0.0076936
59.81,-0.0076346
59.815,-0.0075386
59.82,-0.0074032
59.825,-0.0072264
59.83,-0.00701
59.835,-0.0067612
59.84,-0.0064959
59.845,-0.0062347
59.85,-0.0059955
59.855,-0.0057913
59.86,-0.0056344
59.865,-0.0055355
59.87,-0.0055019
59.875,-0.0055334
59.88,-0.0056214
59.885,-0.0057548
59.89,-0.0059238
59.895,-0.0061188
59.9,-0.0063256
59.905,-0.0065269
59.91,-0.0067098
59.915,-0.0068675
59.92,-0.0069961
59.925,-0.0070881
59.93,-0.0071368
59.935,-0.0071403
59.94,-0.0070985
59.945,-0.0070099
59.95,-0.0068759
59.955,-0.0067029
59.96,-0.0065011
59.965,-0.0062831
59.97,-0.0060637
59.975,-0.0058584
59.98,-0.0056813
59.985,-0.0055444
59.99,-0.005457
59.995,-0.005424
60,-0.0054468
60.005,-0.0055223
60.01,-0.0056432
60.015,-0.0057991
60.02,-0.0059734
60.025,-0.0061489
60.03,-0.0063119
60.035,-0.0064505
60.04,-0.0065555
60.045,-0.0066205
60.05,-0.0066406
60.055,-0.0066173
60.06,-0.0065586
60.065,-0.006473
60.07,-0.0063668
60.075,-0.0062429
60.08,-0.0061062
60.085,-0.0059616
60.09,-0.0058087
60.095,-0.0056434
60.1,-0.0054611
60.105,-0.0052593
60.11,-0.0050374
60.115,-0.0047927
60.12,-0.0045213
60.125,-0.0042206
60.13,-0.0038944
60.135,-0.0035537
60.14,-0.0032132
60.145,-0.0028888
60.15,-0.0025977
60.155,-0.0023485
60.16,-0.00214
60.165,-0.0019695
60.17,-0.0018315
60.175,-0.0017169
60.18,-0.0016134
60.185,-0.0015056
60.19,-0.0013793
60.195,-0.0012252
60.2,-0.0010406
60.205,-0.00083142
60.21,-0.00060827
60.215,-0.0003812
60.22,-0.00015891
60.225,5.1293e-05
60.23,0.00024252
60.235,0.00040783
60.24,0.00054534
60.245,0.00065791
60.25,0.00075162
60.255,0.00083333
60.26,0.000907
60.265,0.00097508
60.27,0.0010412
60.275,0.0011129
60.28,0.0011989
60.285,0.0013014
60.29,0.0014145
60.295,0.001528
60.3,0.0016348
60.305,0.0017302
60.31,0.0018086
60.315,0.0018673
60.32,0.0019095
60.325,0.0019376
60.33,0.0019553
60.335,0.001971
60.34,0.0019936
60.345,0.0020296
60.35,0.0020805
60.355,0.0021424
60.36,0.0022076
60.365,0.0022691
60.37,0.0023236
60.375,0.002372
60.38,0.0024203
60.385,0.0024731
60.39,0.0025316
60.395,0.0025966
60.4,0.0026667
60.405,0.0027395
60.41,0.002811
60.415,0.0028712
60.42,0.0029056
60.425,0.0028963
60.43,0.0028293
60.435,0.0027004
60.44,0.0025154
60.445,0.0022885
60.45,0.0020394
60.455,0.0017916
60.46,0.0015703
60.465,0.0013968
60.47,0.0012866
60.475,0.0012491
60.48,0.0012843
60.485,0.0013854
60.49,0.0015392
60.495,0.0017273
60.5,0.0019315
60.505,0.0021344
60.51,0.0023227
60.515,0.0024876
60.52,0.0026267
60.525,0.0027425
60.53,0.0028391
60.535,0.0029194
60.54,0.0029827
60.545,0.0030258
60.55,0.0030473
60.555,0.0030519
60.56,0.0030463
60.565,0.0030308
60.57,0.0030003
60.575,0.002953
60.58,0.0028911
60.585,0.0028166
60.59,0.0027289
60.595,0.0026242
60.6,0.002496
60.605,0.0023373
60.61,0.0021453
60.615,0.0019219
60.62,0.0016711
60.625,0.0013999
60.63,0.0011189
60.635,0.00084255
60.64,0.00058439
60.645,0.00035426
60.65,0.00015773
60.655,-1.5979e-06
60.66,-0.00012421
60.665,-0.000216
60.67,-0.00028565
60.675,-0.00034481
60.68,-0.00040267
60.685,-0.00046237
60.69,-0.0005214
60.695,-0.0005727
60.7,-0.00060868
60.705,-0.00062323
60.71,-0.00061198
60.715,-0.00057416
60.72,-0.00051062
60.725,-0.00042341
60.73,-0.00031525
60.735,-0.00019107
60.74,-5.9288e-05
60.745,7.2034e-05
60.75,0.0001992
60.755,0.00032259
60.76,0.00044808
60.765,0.00058481
60.77,0.00073933
60.775,0.000917
60.78,0.0011232
60.785,0.001357
60.79,0.0016053
60.795,0.0018471
60.8,0.0020659
60.805,0.0022502
60.81,0.0023845
60.815,0.0024475
60.82,0.0024199
60.825,0.0022941
60.83,0.0020781
60.835,0.0017933
60.84,0.0014665
60.845,0.0011241
60.85,0.00079296
60.855,0.00049838
60.86,0.00025737
60.865,8.0872e-05
60.87,-2.788e-05
60.875,-7.7957e-05
60.88,-9.0346e-05
60.885,-8.8502e-05
60.89,-8.8898e-05
60.895,-0.0001003
60.9,-0.00012704
60.905,-0.00017175
60.91,-0.00023829
60.915,-0.00032966
60.92,-0.00044731
60.925,-0.00059239
60.93,-0.00076764
60.935,-0.00097413
60.94,-0.0012081
60.945,-0.0014614
60.95,-0.0017205
60.955,-0.0019693
60.96,-0.0021905
60.965,-0.002364
60.97,-0.0024733
60.975,-0.0025101
60.98,-0.0024752
60.985,-0.0023773
60.99,-0.0022283
60.995,-0.0020412
61,-0.0018312
61.005,-0.0016185
61.01,-0.0014227
61.015,-0.0012521
61.02,-0.0011052
61.025,-0.00098103
61.03,-0.00088433
61.035,-0.00082213
61.04,-0.00079806
61.045,-0.00080991
61.05,-0.0008485
61.055,-0.0009068
61.06,-0.0009813
61.065,-0.0010684
61.07,-0.0011625
61.075,-0.001259
61.08,-0.0013555
61.085,-0.0014509
61.09,-0.001548
61.095,-0.0016543
61.1,-0.0017753
61.105,-0.0019102
61.11,-0.0020551
61.115,-0.0022076
61.12,-0.0023653
61.125,-0.0025249
61.13,-0.0026856
61.135,-0.0028487
61.14,-0.0030161
61.145,-0.0031912
61.15,-0.0033791
61.155,-0.0035799
61.16,-0.0037884
61.165,-0.0039985
61.17,-0.0042064
61.175,-0.0044107
61.18,-0.004605
61.185,-0.0047757
61.19,-0.0049077
61.195,-0.0049902
61.2,-0.0050178
61.205,-0.0049865
61.21,-0.0048931
61.215,-0.0047404
61.22,-0.0045394
61.225,-0.0043063
61.23,-0.0040562
61.235,-0.0037962
61.24,-0.0035281
61.245,-0.0032548
61.25,-0.0029823
61.255,-0.0027153
61.26,-0.0024562
61.265,-0.0022058
61.27,-0.0019597
61.275,-0.0017095
61.28,-0.0014514
61.285,-0.0011893
61.29,-0.00093441
61.295,-0.00069941
61.3,-0.00049457
61.305,-0.00033338
61.31,-0.000236
61.315,-0.00022153
61.32,-0.00030052
61.325,-0.00047206
61.33,-0.00072533
61.335,-0.0010434
61.34,-0.0014008
61.345,-0.0017644
61.35,-0.0021046
61.355,-0.0023985
61.36,-0.0026346
61.365,-0.0028117
61.37,-0.0029328
61.375,-0.003005
61.38,-0.0030389
61.385,-0.0030467
61.39,-0.0030405
61.395,-0.0030287
61.4,-0.0030168
61.405,-0.0030079
61.41,-0.0030013
61.415,-0.0029952
61.42,-0.0029843
61.425,-0.0029621
61.43,-0.002923
61.435,-0.0028645
61.44,-0.0027871
61.445,-0.0026911
61.45,-0.0025782
61.455,-0.0024508
61.46,-0.00231
61.465,-0.0021575
61.47,-0.0019963
61.475,-0.0018297
61.48,-0.001659
61.485,-0.0014833
61.49,-0.001305
61.495,-0.0011291
61.5,-0.00096376
61.505,-0.00082072
61.51,-0.00071412
61.515,-0.00065175
61.52,-0.00063091
61.525,-0.00064703
61.53,-0.00069631
61.535,-0.00077408
61.54,-0.00087451
61.545,-0.00098965
61.55,-0.0011123
61.555,-0.0012331
61.56,-0.0013406
61.565,-0.0014263
61.57,-0.0014863
61.575,-0.0015227
61.58,-0.0015381
61.585,-0.0015336
61.59,-0.0015125
61.595,-0.0014814
61.6,-0.001446
61.605,-0.0014119
61.61,-0.0013806
61.615,-0.0013479
61.62,-0.0013082
61.625,-0.00126
61.63,-0.0012058
61.635,-0.0011477
61.64,-0.0010847
61.645,-0.0010145
61.65,-0.00093674
61.655,-0.00085347
61.66,-0.00076988
61.665,-0.0006917
61.67,-0.00062545
61.675,-0.0005794
61.68,-0.00055861
61.685,-0.00056247
61.69,-0.00058653
61.695,-0.00062364
61.7,-0.00066684
61.705,-0.0007084
61.71,-0.00073977
61.715,-0.00075277
61.72,-0.00074222
61.725,-0.00070645
61.73,-0.00064736
61.735,-0.00057093
61.74,-0.00048327
61.745,-0.0003909
61.75,-0.00029868
61.755,-0.00021196
61.76,-0.0001367
61.765,-7.8771e-05
61.77,-4.159e-05
61.775,-2.4308e-05
61.78,-2.1029e-05
61.785,-2.6497e-05
61.79,-3.984e-05
61.795,-6.0972e-05
61.8,-8.5298e-05
61.805,-0.00010589
61.81,-0.00011603
61.815,-0.00011108
61.82,-8.5804e-05
61.825,-3.358e-05
61.83,4.782e-05
61.835,0.00015523
61.84,0.00028373
61.845,0.00043123
61.85,0.00059666
61.855,0.00077521
61.86,0.00095906
61.865,0.0011453
61.87,0.0013367
61.875,0.0015368
61.88,0.0017457
61.885,0.0019599
61.89,0.0021734
61.895,0.00238
61.9,0.002576
61.905,0.0027577
61.91,0.0029179
61.915,0.0030487
61.92,0.0031447
61.925,0.0032026
61.93,0.003225
61.935,0.0032205
61.94,0.0032013
61.945,0.0031796
61.95,0.0031674
61.955,0.0031737
61.96,0.0032034
61.965,0.0032547
61.97,0.0033206
61.975,0.0033935
61.98,0.0034659
61.985,0.0035262
61.99,0.0035627
61.995,0.0035706
62,0.003552
62.005,0.0035155
62.01,0.0034702
62.015,0.0034237
62.02,0.0033832
62.025,0.0033528
62.03,0.0033327
62.035,0.0033199
62.04,0.0033144
62.045,0.0033177
62.05,0.0033299
62.055,0.0033486
62.06,0.0033678
62.065,0.003381
62.07,0.0033822
62.075,0.003369
62.08,0.003341
62.085,0.0032988
62.09,0.0032453
62.095,0.0031816
62.1,0.0031098
62.105,0.0030364
62.11,0.0029724
62.115,0.0029297
62.12,0.0029179
62.125,0.0029452
62.13,0.0030189
62.135,0.0031392
62.14,0.0033003
62.145,0.0034907
62.15,0.0036945
62.155,0.0038962
62.16,0.004081
62.165,0.0042375
62.17,0.004357
62.175,0.0044338
62.18,0.004467
62.185,0.0044565
62.19,0.004405
62.195,0.004314
62.2,0.0041867
62.205,0.0040295
62.21,0.0038516
62.215,0.0036629
62.22,0.0034715
62.225,0.003285
62.23,0.0031108
62.235,0.0029579
62.24,0.0028342
62.245,0.0027449
62.25,0.0026932
62.255,0.0026823
62.26,0.002714
62.265,0.0027837
62.27,0.0028817
62.275,0.0029937
62.28,0.0031058
62.285,0.0032082
62.29,0.0032946
62.295,0.0033611
62.3,0.0034058
62.305,0.00343
62.31,0.0034362
62.315,0.0034267
62.32,0.0034022
62.325,0.0033644
62.33,0.0033202
62.335,0.0032776
62.34,0.0032416
62.345,0.0032134
62.35,0.0031917
62.355,0.0031748
62.36,0.0031622
62.365,0.0031544
62.37,0.0031493
62.375,0.0031454
62.38,0.0031439
62.385,0.0031432
62.39,0.0031386
62.395,0.0031264
62.4,0.0031037
62.405,0.0030677
62.41,0.0030183
62.415,0.0029549
62.42,0.0028759
62.425,0.0027796
62.43,0.0026645
62.435,0.002532
62.44,0.0023867
62.445,0.0022344
62.45,0.0020797
62.455,0.0019314
62.46,0.0018003
62.465,0.0016941
62.47,0.0016131
62.475,0.0015467
62.48,0.0014801
62.485,0.0014018
62.49,0.0013047
62.495,0.0011835
62.5,0.001035
62.505,0.00085861
62.51,0.00065951
62.515,0.00044805
62.52,0.0002341
62.525,2.8437e-05
62.53,-0.00016206
62.535,-0.00033132
62.54,-0.00047546
62.545,-0.00059449
62.55,-0.00069026
62.555,-0.0007629
62.56,-0.00081092
62.565,-0.0008324
62.57,-0.00082572
62.575,-0.00079062
62.58,-0.00072646
62.585,-0.00063154
62.59,-0.00050853
62.595,-0.00037202
62.6,-0.00024431
62.605,-0.00014421
62.61,-8.4832e-05
62.615,-7.4281e-05
62.62,-0.00011305
62.625,-0.00019376
62.63,-0.00030623
62.635,-0.00043715
62.64,-0.0005715
62.645,-0.00069584
62.65,-0.00080081
62.655,-0.00088068
62.66,-0.00093289
62.665,-0.00095849
62.67,-0.00096432
62.675,-0.00095982
62.68,-0.00095553
62.685,-0.00095769
62.69,-0.00096629
62.695,-0.00097996
62.7,-0.00099883
62.705,-0.0010214
62.71,-0.0010413
62.715,-0.0010511
62.72,-0.0010465
62.725,-0.0010261
62.73,-0.00098698
62.735,-0.00092723
62.74,-0.00084814
62.745,-0.00075704
62.75,-0.00066255
62.755,-0.00057092
62.76,-0.00048755
62.765,-0.00041721
62.77,-0.00036253
62.775,-0.00032266
62.78,-0.00029243
62.785,-0.0002682
62.79,-0.0002516
62.795,-0.00024435
62.8,-0.00024662
62.805,-0.00025756
62.81,-0.00027314
62.815,-0.00028911
62.82,-0.00030833
62.825,-0.00033643
62.83,-0.00037362
62.835,-0.00041433
62.84,-0.00045024
62.845,-0.00047444
62.85,-0.00048205
62.855,-0.00047205
62.86,-0.0004443
62.865,-0.00039654
62.87,-0.00032973
62.875,-0.00024928
62.88,-0.00016189
62.885,-7.3797e-05
62.89,1.1256e-05
62.895,9.5686e-05
62.9,0.00018549
62.905,0.00028101
62.91,0.00037489
62.915,0.00046038
62.92,0.00053588
62.925,0.00060321
62.93,0.00066481
62.935,0.00072317
62.94,0.00078045
62.945,0.00083471
62.95,0.0008795
62.955,0.00090725
62.96,0.00091165
62.965,0.00089003
62.97,0.00084305
62.975,0.00077412
62.98,0.00068675
62.985,0.00058273
62.99,0.00046379
62.995,0.00033499
63,0.00020333
63.005,7.6167e-05
63.01,-4.2519e-05
63.015,-0.00014839
63.02,-0.000236
63.025,-0.00030203
63.03,-0.00034469
63.035,-0.0003671
63.04,-0.00037515
63.045,-0.00036958
63.05,-0.00034647
63.055,-0.0003017
63.06,-0.00023666
63.065,-0.00016001
63.07,-8.1095e-05
63.075,-5.2879e-06
63.08,6.3916e-05
63.085,0.00012361
63.09,0.00017399
63.095,0.00021592
63.1,0.0002491
63.105,0.00027236
63.11,0.00028443
63.115,0.00028779
63.12,0.00028721
63.125,0.00028411
63.13,0.00027865
63.135,0.00026974
63.14,0.00025277
63.145,0.00022193
63.15,0.00017448
63.155,0.00011023
63.16,3.3441e-05
63.165,-5.0698e-05
63.17,-0.00014134
63.175,-0.00023888
63.18,-0.00034106
63.185,-0.00044532
63.19,-0.00054795
63.195,-0.00064385
63.2,-0.00073033
63.205,-0.00080611
63.21,-0.0008721
63.215,-0.00092882
63.22,-0.00097327
63.225,-0.0010032
63.23,-0.0010162
63.235,-0.0010113
63.24,-0.00099096
63.245,-0.00096077
63.25,-0.00092843
63.255,-0.00090219
63.26,-0.00088547
63.265,-0.00087691
63.27,-0.00087791
63.275,-0.00089314
63.28,-0.00092531
63.285,-0.00097094
63.29,-0.0010214
63.295,-0.0010666
63.3,-0.0010999
63.305,-0.0011207
63.31,-0.0011304
63.315,-0.0011291
63.32,-0.0011153
63.325,-0.0010863
63.33,-0.0010416
63.335,-0.00098834
63.34,-0.00093798
63.345,-0.00090264
63.35,-0.00088847
63.355,-0.00089312
63.36,-0.00091024
63.365,-0.00093573
63.37,-0.000968
63.375,-0.0010064
63.38,-0.0010505
63.385,-0.0010972
63.39,-0.0011444
63.395,-0.0011909
63.4,-0.001235
63.405,-0.0012756
63.41,-0.0013108
63.415,-0.0013394
63.42,-0.0013638
63.425,-0.0013845
63.43,-0.0013979
63.435,-0.0013969
63.44,-0.0013759
63.445,-0.0013335
63.45,-0.001271
63.455,-0.0011909
63.46,-0.0010962
63.465,-0.00099292
63.47,-0.00089278
63.475,-0.0008096
63.48,-0.00075302
63.485,-0.00072843
63.49,-0.0007363
63.495,-0.00077378
63.5,-0.00083574
63.505,-0.00091507
63.51,-0.001002
63.515,-0.0010827
63.52,-0.0011447
63.525,-0.001181
63.53,-0.0011913
63.535,-0.0011817
63.54,-0.0011572
63.545,-0.0011207
63.55,-0.001073
63.555,-0.001014
63.56,-0.00094292
63.565,-0.00086062
63.57,-0.00077182
63.575,-0.00068114
63.58,-0.00059025
63.585,-0.00050129
63.59,-0.00042209
63.595,-0.00036328
63.6,-0.00033333
63.605,-0.00033719
63.61,-0.00037605
63.615,-0.00044696
63.62,-0.00054444
63.625,-0.00066056
63.63,-0.00078464
63.635,-0.00090711
63.64,-0.0010208
63.645,-0.0011218
63.65,-0.0012106
63.655,-0.0012909
63.66,-0.0013673
63.665,-0.0014425
63.67,-0.0015146
63.675,-0.0015807
63.68,-0.0016415
63.685,-0.0017
63.69,-0.0017564
63.695,-0.0018086
63.7,-0.0018559
63.705,-0.0018995
63.71,-0.0019445
63.715,-0.001996
63.72,-0.0020574
63.725,-0.0021306
63.73,-0.0022137
63.735,-0.0023029
63.74,-0.0023938
63.745,-0.0024842
63.75,-0.0025738
63.755,-0.0026624
63.76,-0.0027469
63.765,-0.0028262
63.77,-0.0029027
63.775,-0.0029772
63.78,-0.0030488
63.785,-0.0031174
63.79,-0.0031844
63.795,-0.0032492
63.8,-0.0033109
63.805,-0.0033695
63.81,-0.0034263
63.815,-0.003483
63.82,-0.0035403
63.825,-0.0035938
63.83,-0.0036383
63.835,-0.0036746
63.84,-0.0037073
63.845,-0.0037432
63.85,-0.003785
63.855,-0.0038306
63.86,-0.0038787
63.865,-0.0039256
63.87,-0.0039653
63.875,-0.0039947
63.88,-0.0040129
63.885,-0.004019
63.89,-0.004011
63.895,-0.0039835
63.9,-0.0039306
63.905,-0.003851
63.91,-0.0037459
63.915,-0.0036182
63.92,-0.0034738
63.925,-0.0033205
63.93,-0.0031658
63.935,-0.0030151
63.94,-0.0028717
63.945,-0.0027372
63.95,-0.0026094
63.955,-0.0024884
63.96,-0.0023756
63.965,-0.0022718
63.97,-0.0021744
63.975,-0.0020791
63.98,-0.0019827
63.985,-0.0018856
63.99,-0.0017925
63.995,-0.0017075
64,-0.0016319
64.005,-0.0015637
64.01,-0.0015024
64.015,-0.0014501
64.02,-0.0014056
64.025,-0.0013629
64.03,-0.0013192
64.035,-0.0012783
64.04,-0.0012443
64.045,-0.0012182
64.05,-0.0011973
64.055,-0.0011775
64.06,-0.0011548
64.065,-0.0011243
64.07,-0.0010832
64.075,-0.0010319
64.08,-0.00097224
64.085,-0.00090762
64.09,-0.00084135
64.095,-0.00077526
64.1,-0.00071089
64.105,-0.00065163
64.11,-0.00060005
64.115,-0.00055939
64.12,-0.00053276
64.125,-0.00051997
64.13,-0.0005163
64.135,-0.00051568
64.14,-0.00051313
64.145,-0.00050542
64.15,-0.00049149
64.155,-0.00046892
64.16,-0.00043164
64.165,-0.00037475
64.17,-0.00029669
64.175,-0.00019979
64.18,-8.9105e-05
64.185,2.9691e-05
64.19,0.00015282
64.195,0.00027896
64.2,0.00040882
64.205,0.00054311
64.21,0.00067933
64.215,0.00080919
64.22,0.00092487
64.225,0.0010237
64.23,0.0011055
64.235,0.001171
64.24,0.0012174
64.245,0.0012428
64.25,0.0012497
64.255,0.0012431
64.26,0.0012301
64.265,0.0012163
64.27,0.0012044
64.275,0.0011975
64.28,0.0012004
64.285,0.0012158
64.29,0.0012434
64.295,0.00128
64.3,0.0013208
64.305,0.0013632
64.31,0.001406
64.315,0.0014473
64.32,0.001483
64.325,0.0015086
64.33,0.0015217
64.335,0.0015228
64.34,0.0015131
64.345,0.0014925
64.35,0.0014626
64.355,0.0014287
64.36,0.0013972
64.365,0.0013721
64.37,0.0013519
64.375,0.0013333
64.38,0.001315
64.385,0.0012973
64.39,0.0012764
64.395,0.0012484
64.4,0.001214
64.405,0.001175
64.41,0.0011332
64.415,0.0010929
64.42,0.0010557
64.425,0.001022
64.43,0.00099304
64.435,0.00096729
64.44,0.00094167
64.445,0.00091303
64.45,0.00088278
64.455,0.00085614
64.46,0.00084002
64.465,0.00083568
64.47,0.00083764
64.475,0.00084158
64.48,0.00084639
64.485,0.00085396
64.49,0.00086482
64.495,0.00087579
64.5,0.00088513
64.505,0.00089485
64.51,0.00090771
64.515,0.00092299
64.52,0.00093907
64.525,0.00095513
64.53,0.00097045
64.535,0.00098264
64.54,0.00099066
64.545,0.00099679
64.55,0.0010044
64.555,0.0010144
64.56,0.0010253
64.565,0.0010338
64.57,0.0010385
64.575,0.0010427
64.58,0.0010504
64.585,0.0010652
64.59,0.0010915
64.595,0.001132
64.6,0.0011841
64.605,0.0012401
64.61,0.0012912
64.615,0.0013279
64.62,0.0013438
64.625,0.0013382
64.63,0.0013117
64.635,0.0012635
64.64,0.001193
64.645,0.0010992
64.65,0.00098166
64.655,0.00084302
64.66,0.00069268
64.665,0.00054206
64.67,0.00039957
64.675,0.00027091
64.68,0.00016032
64.685,7.1319e-05
64.69,6.9279e-06
64.695,-3.199e-05
64.7,-4.8235e-05
64.705,-4.6132e-05
64.71,-2.9948e-05
64.715,-6.027e-06
64.72,2.0921e-05
64.725,5.0723e-05
64.73,8.6073e-05
64.735,0.0001281
64.74,0.00017495
64.745,0.0002218
64.75,0.00026326
64.755,0.00029675
64.76,0.00032347
64.765,0.00035007
64.77,0.00038494
64.775,0.00043283
64.78,0.00049589
64.785,0.00057463
64.79,0.00067012
64.795,0.00078556
64.8,0.00092361
64.805,0.0010841
64.81,0.0012601
64.815,0.0014411
64.82,0.0016182
64.825,0.0017833
64.83,0.0019308
64.835,0.0020569
64.84,0.0021617
64.845,0.0022502
64.85,0.0023297
64.855,0.0024058
64.86,0.0024795
64.865,0.0025511
64.87,0.002621
64.875,0.0026885
64.88,0.002751
64.885,0.0028061
64.89,0.0028526
64.895,0.0028882
64.9,0.0029101
64.905,0.0029165
64.91,0.0029073
64.915,0.0028813
64.92,0.0028374
64.925,0.0027773
64.93,0.0027055
64.935,0.0026276
64.94,0.0025506
64.945,0.0024811
64.95,0.0024205
64.955,0.0023691
64.96,0.0023298
64.965,0.0023059
64.97,0.0022973
64.975,0.0023002
64.98,0.0023084
64.985,0.0023144
64.99,0.0023134
64.995,0.0023045
65,0.0022895
65.005,0.0022693
65.01,0.002245
65.015,0.0022178
65.02,0.0021909
65.025,0.0021663
65.03,0.0021407
65.035,0.0021134
65.04,0.0020888
65.045,0.0020729
65.05,0.0020695
65.055,0.0020763
65.06,0.0020848
65.065,0.0020846
65.07,0.0020683
65.075,0.0020326
65.08,0.0019791
65.085,0.001913
65.09,0.0018385
65.095,0.0017567
65.1,0.0016686
65.105,0.0015783
65.11,0.0014957
65.115,0.0014335
65.12,0.0013992
65.125,0.001391
65.13,0.0013989
65.135,0.0014108
65.14,0.0014182
65.145,0.0014172
65.15,0.001408
65.155,0.0013899
65.16,0.001361
65.165,0.0013217
65.17,0.0012776
65.175,0.0012358
65.18,0.0011985
65.185,0.001164
65.19,0.0011307
65.195,0.0010958
65.2,0.0010549
65.205,0.0010043
65.21,0.00094241
65.215,0.00087036
65.22,0.00079104
65.225,0.00071038
65.23,0.00063828
65.235,0.00058103
65.24,0.00053982
65.245,0.00051502
65.25,0.00050508
65.255,0.00050449
65.26,0.00050453
65.265,0.00049812
65.27,0.00047877
65.275,0.00044146
65.28,0.0003859
65.285,0.00031541
65.29,0.00023756
65.295,0.00016265
65.3,0.0001013
65.305,6.3043e-05
65.31,5.4074e-05
65.315,7.5903e-05
65.32,0.00012381
65.325,0.00018976
65.33,0.0002644
65.335,0.00033681
65.34,0.00039717
65.345,0.00043634
65.35,0.00044984
65.355,0.00043998
65.36,0.00041428
65.365,0.00038265
65.37,0.00035414
65.375,0.00033566
65.38,0.00032971
65.385,0.0003368
65.39,0.00035936
65.395,0.00039777
65.4,0.00044661
65.405,0.00049745
65.41,0.00054351
65.415,0.00058294
65.42,0.00061385
65.425,0.00063495
65.43,0.00065074
65.435,0.00066738
65.44,0.00069011
65.445,0.00072139
65.45,0.00076206
65.455,0.00081361
65.46,0.00087669
65.465,0.00094949
65.47,0.0010261
65.475,0.0011002
65.48,0.0011664
65.485,0.0012221
65.49,0.0012675
65.495,0.001302
65.5,0.0013282
65.505,0.001351
65.51,0.0013726
65.515,0.0013937
65.52,0.0014138
65.525,0.0014302
65.53,0.0014386
65.535,0.001436
65.54,0.0014216
65.545,0.0013925
65.55,0.0013473
65.555,0.0012886
65.56,0.0012208
65.565,0.00115
65.57,0.0010858
65.575,0.0010352
65.58,0.0010029
65.585,0.00099242
65.59,0.0010073
65.595,0.0010479
65.6,0.0011106
65.605,0.0011873
65.61,0.0012662
65.615,0.0013352
65.62,0.0013834
65.625,0.0014019
65.63,0.0013875
65.635,0.0013468
65.64,0.0012873
65.645,0.0012127
65.65,0.0011254
65.655,0.001031
65.66,0.00093908
65.665,0.0008578
65.67,0.00078736
65.675,0.00072335
65.68,0.00066616
65.685,0.00062071
65.69,0.0005912
65.695,0.00057881
65.7,0.00058152
65.705,0.00059527
65.71,0.00061604
65.715,0.00064099
65.72,0.00066735
65.725,0.00069294
65.73,0.00071491
65.735,0.0007285
65.74,0.00073038
65.745,0.00072025
65.75,0.0007001
65.755,0.00067336
65.76,0.00064286
65.765,0.00061066
65.77,0.00057883
65.775,0.00055401
65.78,0.00054367
65.785,0.00054882
65.79,0.00056591
65.795,0.00059346
65.8,0.00063429
65.805,0.00068691
65.81,0.00074286
65.815,0.00079434
65.82,0.00083701
65.825,0.00086686
65.83,0.00087955
65.835,0.00087337
65.84,0.00085057
65.845,0.00081287
65.85,0.00076009
65.855,0.00069721
65.86,0.0006311
65.865,0.0005658
65.87,0.0005041
65.875,0.00044894
65.88,0.00040251
65.885,0.00036688
65.89,0.00034606
65.895,0.00034356
65.9,0.00036017
65.905,0.00039392
65.91,0.00044077
65.915,0.00049711
65.92,0.00055932
65.925,0.00062048
65.93,0.0006726
65.935,0.00070814
65.94,0.00072008
65.945,0.00070738
65.95,0.00067686
65.955,0.00063277
65.96,0.00057679
65.965,0.00051485
65.97,0.00045727
65.975,0.00041501
65.98,0.00039377
65.985,0.00039506
65.99,0.00041785
65.995,0.00045563
66,0.00049548
66.005,0.00052466
66.01,0.00053524
66.015,0.00052296
66.02,0.00048826
66.025,0.00043716
66.03,0.00037483
66.035,0.0003044
66.04,0.0002299
66.045,0.00015785
66.05,9.4873e-05
66.055,4.4314e-05
66.06,1.6933e-06
66.065,-3.8858e-05
66.07,-7.9557e-05
66.075,-0.00011665
66.08,-0.0001453
66.085,-0.00016445
66.09,-0.00017715
66.095,-0.00018896
66.1,-0.00020555
66.105,-0.00022795
66.11,-0.00025389
66.115,-0.00028391
66.12,-0.00031846
66.125,-0.0003564
66.13,-0.00039535
66.135,-0.00043133
66.14,-0.00045962
66.145,-0.00047986
66.15,-0.00049137
66.155,-0.00049043
66.16,-0.0004744
66.165,-0.00044383
66.17,-0.00040253
66.175,-0.00035611
66.18,-0.00030943
66.185,-0.00026145
66.19,-0.00021019
66.195,-0.0001575
66.2,-0.00010559
66.205,-5.8092e-05
66.21,-1.7424e-05
66.215,1.4265e-05
66.22,3.4071e-05
66.225,4.2013e-05
66.23,3.8525e-05
66.235,1.8629e-05
66.24,-2.364e-05
66.245,-8.6545e-05
66.25,-0.0001592
66.255,-0.00022968
66.26,-0.00029094
66.265,-0.00033997
66.27,-0.00037803
66.275,-0.00040652
66.28,-0.00042467
66.285,-0.00043256
66.29,-0.00043427
66.295,-0.00043679
66.3,-0.00044485
66.305,-0.00046217
66.31,-0.00049261
66.315,-0.00053907
66.32,-0.00059864
66.325,-0.00066514
66.33,-0.00073385
66.335,-0.00080474
66.34,-0.00088094
66.345,-0.0009617
66.35,-0.0010423
66.355,-0.0011171
66.36,-0.0011841
66.365,-0.0012441
66.37,-0.0013003
66.375,-0.0013537
66.38,-0.0014037
66.385,-0.0014493
66.39,-0.0014897
66.395,-0.0015241
66.4,-0.0015527
66.405,-0.0015798
66.41,-0.0016066
66.415,-0.0016291
66.42,-0.0016448
66.425,-0.0016578
66.43,-0.0016755
66.435,-0.0017034
66.44,-0.0017427
66.445,-0.0017896
66.45,-0.00184
66.455,-0.0018935
66.46,-0.0019511
66.465,-0.0020102
66.47,-0.0020632
66.475,-0.0021035
66.48,-0.0021275
66.485,-0.0021319
66.49,-0.0021133
66.495,-0.0020667
66.5,-0.0019907
66.505,-0.0018896
66.51,-0.0017711
66.515,-0.0016421
66.52,-0.0015089
66.525,-0.0013761
66.53,-0.0012477
66.535,-0.0011291
66.54,-0.0010256
66.545,-0.00094039
66.55,-0.00087813
66.555,-0.00084653
66.56,-0.00084633
66.565,-0.00087014
66.57,-0.00090717
66.575,-0.00094642
66.58,-0.00097893
66.585,-0.0009997
66.59,-0.0010082
66.595,-0.0010063
66.6,-0.0009975
66.605,-0.00098511
66.61,-0.00097433
66.615,-0.00097266
66.62,-0.00098408
66.625,-0.0010108
66.63,-0.0010537
66.635,-0.00111
66.64,-0.0011715
66.645,-0.0012286
66.65,-0.0012735
66.655,-0.0013004
66.66,-0.0013095
66.665,-0.001304
66.67,-0.001289
66.675,-0.0012704
66.68,-0.0012525
66.685,-0.0012379
66.69,-0.001229
66.695,-0.0012266
66.7,-0.0012275
66.705,-0.0012265
66.71,-0.0012191
66.715,-0.001204
66.72,-0.0011792
66.725,-0.0011422
66.73,-0.0010934
66.735,-0.0010386
66.74,-0.000987
66.745,-0.00094574
66.75,-0.0009198
66.755,-0.00090708
66.76,-0.00090089
66.765,-0.0008944
66.77,-0.00088364
66.775,-0.00086571
66.78,-0.00083801
66.785,-0.00079892
66.79,-0.00074793
66.795,-0.00068849
66.8,-0.0006263
66.805,-0.00056501
66.81,-0.00050729
66.815,-0.00045621
66.82,-0.00041676
66.825,-0.00039055
66.83,-0.00037262
66.835,-0.00035705
66.84,-0.00034132
66.845,-0.0003275
66.85,-0.00032143
66.855,-0.00033095
66.86,-0.00036439
66.865,-0.00042777
66.87,-0.00052499
66.875,-0.00065594
66.88,-0.00081757
66.885,-0.0010056
66.89,-0.0012107
66.895,-0.0014166
66.9,-0.0016053
66.905,-0.0017616
66.91,-0.0018745
66.915,-0.0019373
66.92,-0.0019488
66.925,-0.0019138
66.93,-0.0018422
66.935,-0.0017465
66.94,-0.0016396
66.945,-0.0015333
66.95,-0.0014391
66.955,-0.0013654
66.96,-0.0013153
66.965,-0.0012892
66.97,-0.0012827
66.975,-0.001288
66.98,-0.0012991
66.985,-0.001314
66.99,-0.0013334
66.995,-0.001358
67,-0.0013886
67.005,-0.0014257
67.01,-0.0014707
67.015,-0.001524
67.02,-0.0015816
67.025,-0.0016392
67.03,-0.001692
67.035,-0.0017369
67.04,-0.0017738
67.045,-0.001804
67.05,-0.0018242
67.055,-0.0018311
67.06,-0.0018238
67.065,-0.0018049
67.07,-0.00178
67.075,-0.0017557
67.08,-0.0017398
67.085,-0.0017337
67.09,-0.0017337
67.095,-0.0017361
67.1,-0.0017383
67.105,-0.0017373
67.11,-0.0017291
67.115,-0.0017088
67.12,-0.0016737
67.125,-0.0016278
67.13,-0.0015793
67.135,-0.0015372
67.14,-0.0015089
67.145,-0.0014978
67.15,-0.0014985
67.155,-0.0014987
67.16,-0.0014875
67.165,-0.0014568
67.17,-0.0014026
67.175,-0.0013235
67.18,-0.0012188
67.185,-0.0010918
67.19,-0.00095153
67.195,-0.00081026
67.2,-0.00067948
67.205,-0.00056723
67.21,-0.00047446
67.215,-0.00039786
67.22,-0.00033361
67.225,-0.00027903
67.23,-0.00023195
67.235,-0.00019093
67.24,-0.00015916
67.245,-0.00014322
67.25,-0.00015104
67.255,-0.00018874
67.26,-0.00025907
67.265,-0.00036175
67.27,-0.0004932
67.275,-0.00064576
67.28,-0.00081138
67.285,-0.000984
67.29,-0.0011569
67.295,-0.0013192
67.3,-0.0014586
67.305,-0.0015645
67.31,-0.0016283
67.315,-0.0016452
67.32,-0.0016142
67.325,-0.0015406
67.33,-0.0014349
67.335,-0.0013075
67.34,-0.0011683
67.345,-0.0010259
67.35,-0.00088823
67.355,-0.00076484
67.36,-0.00066367
67.365,-0.00058884
67.37,-0.00054244
67.375,-0.00052196
67.38,-0.00051709
67.385,-0.00051623
67.39,-0.00051066
67.395,-0.00049338
67.4,-0.00045887
67.405,-0.00040164
67.41,-0.00032007
67.415,-0.00021777
67.42,-0.00010044
67.425,2.6538e-05
67.43,0.00015508
67.435,0.00027527
67.44,0.00037984
67.445,0.00046523
67.45,0.00053236
67.455,0.00058318
67.46,0.00061447
67.465,0.00062226
67.47,0.0006095
67.475,0.00058236
67.48,0.00054483
67.485,0.00049932
67.49,0.00044834
67.495,0.00039533
67.5,0.00034547
67.505,0.00030537
67.51,0.00028192
67.515,0.00028006
67.52,0.00030053
67.525,0.0003394
67.53,0.000393
67.535,0.00045804
67.54,0.00052974
67.545,0.00060525
67.55,0.0006863
67.555,0.00077387
67.56,0.00086611
67.565,0.00096078
67.57,0.0010563
67.575,0.0011503
67.58,0.0012385
67.585,0.0013154
67.59,0.0013757
67.595,0.0014158
67.6,0.0014356
67.605,0.0014335
67.61,0.0014056
67.615,0.0013494
67.62,0.0012694
67.625,0.0011749
67.63,0.0010739
67.635,0.00097102
67.64,0.00086931
67.645,0.00077333
67.65,0.00068802
67.655,0.00061818
67.66,0.00056828
67.665,0.00054013
67.67,0.00053014
67.675,0.00052987
67.68,0.00053157
67.685,0.00053028
67.69,0.0005216
67.695,0.00050199
67.7,0.00046514
67.705,0.00040432
67.71,0.00031825
67.715,0.00021216
67.72,9.5227e-05
67.725,-1.9923e-05
67.73,-0.00011807
67.735,-0.00018788
67.74,-0.00022971
67.745,-0.0002527
67.75,-0.0002656
67.755,-0.00027016
67.76,-0.00026557
67.765,-0.00025448
67.77,-0.00024054
67.775,-0.00022688
67.78,-0.00021568
67.785,-0.00020991
67.79,-0.00021161
67.795,-0.00021753
67.8,-0.00022097
67.805,-0.00021936
67.81,-0.00021547
67.815,-0.0002094
67.82,-0.00019457
67.825,-0.00016097
67.83,-0.00010088
67.835,-1.4233e-05
67.84,9.2749e-05
67.845,0.00021142
67.85,0.00033216
67.855,0.00044625
67.86,0.00054681
67.865,0.00062997
67.87,0.00069321
67.875,0.00073053
67.88,0.0007361
67.885,0.00070649
67.89,0.00064017
67.895,0.00053687
67.9,0.00039718
67.905,0.00022486
67.91,2.7628e-05
67.915,-0.00018482
67.92,-0.00040173
67.925,-0.00061273
67.93,-0.00081147
67.935,-0.00099473
67.94,-0.0011569
67.945,-0.0012927
67.95,-0.0013987
67.955,-0.0014722
67.96,-0.0015127
67.965,-0.0015195
67.97,-0.001492
67.975,-0.0014329
67.98,-0.0013494
67.985,-0.0012492
67.99,-0.0011389
67.995,-0.0010265
68,-0.00092017
68.005,-0.00082712
68.01,-0.00075394
68.015,-0.00070453
68.02,-0.00068083
68.025,-0.0006818
68.03,-0.00070275
68.035,-0.00073706
68.04,-0.00077772
68.045,-0.00081766
68.05,-0.00084917
68.055,-0.00086806
68.06,-0.0008752
68.065,-0.00087339
68.07,-0.00086374
68.075,-0.000849
68.08,-0.00083562
68.085,-0.00082907
68.09,-0.00083313
68.095,-0.00084817
68.1,-0.00087379
68.105,-0.00091036
68.11,-0.00096006
68.115,-0.0010231
68.12,-0.0010942
68.125,-0.0011688
68.13,-0.0012432
68.135,-0.0013139
68.14,-0.0013788
68.145,-0.0014379
68.15,-0.0014896
68.155,-0.0015292
68.16,-0.0015507
68.165,-0.0015507
68.17,-0.0015306
68.175,-0.0014963
68.18,-0.0014559
68.185,-0.0014165
68.19,-0.0013812
68.195,-0.0013474
68.2,-0.0013108
68.205,-0.0012721
68.21,-0.0012343
68.215,-0.0011966
68.22,-0.0011574
68.225,-0.0011153
68.23,-0.0010695
68.235,-0.001019
68.24,-0.00096492
68.245,-0.00090739
68.25,-0.00083993
68.255,-0.00075367
68.26,-0.00064579
68.265,-0.00052238
68.27,-0.00039107
68.275,-0.0002569
68.28,-0.00012147
68.285,1.3719e-05
68.29,0.00014274
68.295,0.0002578
68.3,0.00035309
68.305,0.00042363
68.31,0.00046901
68.315,0.00049541
68.32,0.0005102
68.325,0.00051835
68.33,0.00052461
68.335,0.00053406
68.34,0.00055064
68.345,0.00057954
68.35,0.00062494
68.355,0.00068829
68.36,0.00076618
68.365,0.00084814
68.37,0.00092181
68.375,0.00098172
68.38,0.0010293
68.385,0.0010677
68.39,0.0010991
68.395,0.001125
68.4,0.0011499
68.405,0.0011782
68.41,0.0012087
68.415,0.0012379
68.42,0.0012611
68.425,0.0012724
68.43,0.001271
68.435,0.0012599
68.44,0.0012424
68.445,0.001222
68.45,0.0012018
68.455,0.0011866
68.46,0.001185
68.465,0.0012024
68.47,0.0012405
68.475,0.0012998
68.48,0.0013762
68.485,0.0014623
68.49,0.001553
68.495,0.0016494
68.5,0.0017547
68.505,0.0018672
68.51,0.00198
68.515,0.0020904
68.52,0.0022018
68.525,0.0023152
68.53,0.0024274
68.535,0.0025326
68.54,0.0026282
68.545,0.0027154
68.55,0.0027944
68.555,0.002865
68.56,0.0029294
68.565,0.002991
68.57,0.0030478
68.575,0.003098
68.58,0.0031432
68.585,0.0031855
68.59,0.0032237
68.595,0.0032527
68.6,0.0032676
68.605,0.0032652
68.61,0.0032455
68.615,0.0032092
68.62,0.003157
68.625,0.0030897
68.63,0.0030069
68.635,0.0029056
68.64,0.0027827
68.645,0.0026388
68.65,0.0024797
68.655,0.0023101
68.66,0.002134
68.665,0.0019583
68.67,0.0017907
68.675,0.001636
68.68,0.0014946
68.685,0.0013668
68.69,0.001255
68.695,0.0011631
68.7,0.0010927
68.705,0.0010393
68.71,0.00099487
68.715,0.00095237
68.72,0.00090743
68.725,0.00085977
68.73,0.00081228
68.735,0.00076644
68.74,0.00072323
68.745,0.00068547
68.75,0.00065895
68.755,0.000652
68.76,0.00067104
68.765,0.00071848
68.77,0.00079414
68.775,0.00089508
68.78,0.0010169
68.785,0.0011532
68.79,0.0012946
68.795,0.0014329
68.8,0.0015649
68.805,0.00169
68.81,0.0018052
68.815,0.0019046
68.82,0.0019825
68.825,0.0020373
68.83,0.0020733
68.835,0.0020942
68.84,0.0021011
68.845,0.0020934
68.85,0.0020721
68.855,0.0020398
68.86,0.0019978
68.865,0.0019466
68.87,0.0018865
68.875,0.0018172
68.88,0.0017408
68.885,0.0016616
68.89,0.0015857
68.895,0.0015167
68.9,0.0014532
68.905,0.0013899
68.91,0.0013206
68.915,0.0012448
68.92,0.0011646
68.925,0.0010797
68.93,0.00099015
68.935,0.00089969
68.94,0.00081286
68.945,0.00073106
68.95,0.00065386
68.955,0.00058245
68.96,0.00051843
68.965,0.00046233
68.97,0.00041526
68.975,0.00037943
68.98,0.00035555
68.985,0.00034118
68.99,0.00033226
68.995,0.00032391
69,0.00031226
69.005,0.00029521
69.01,0.00026957
69.015,0.00023195
69.02,0.00017776
69.025,0.00010299
69.03,8.0185e-06
69.035,-0.0001016
69.04,-0.00021794
69.045,-0.00033488
69.05,-0.00044662
69.055,-0.0005443
69.06,-0.000622
69.065,-0.00068088
69.07,-0.0007218
69.075,-0.00073959
69.08,-0.00072986
69.085,-0.00069291
69.09,-0.00063426
69.095,-0.00056089
69.1,-0.00047552
69.105,-0.00037779
69.11,-0.00026849
69.115,-0.00015478
69.12,-4.8335e-05
69.125,3.6389e-05
69.13,8.6702e-05
69.135,0.0001005
69.14,8.42e-05
69.145,4.831e-05
69.15,3.0169e-06
69.155,-4.7143e-05
69.16,-9.8201e-05
69.165,-0.00014187
69.17,-0.00016898
69.175,-0.00017662
69.18,-0.00017095
69.185,-0.00016332
69.19,-0.00016557
69.195,-0.00018664
69.2,-0.00023275
69.205,-0.00030812
69.21,-0.00041119
69.215,-0.00053531
69.22,-0.00067429
69.225,-0.00082074
69.23,-0.00096275
69.235,-0.001085
69.24,-0.0011794
69.245,-0.0012486
69.25,-0.0012989
69.255,-0.0013352
69.26,-0.0013602
69.265,-0.001376
69.27,-0.0013849
69.275,-0.001391
69.28,-0.001399
69.285,-0.001414
69.29,-0.0014389
69.295,-0.0014723
69.3,-0.0015113
69.305,-0.0015502
69.31,-0.001584
69.315,-0.0016111
69.32,-0.0016351
69.325,-0.0016586
69.33,-0.0016815
69.335,-0.0017021
69.34,-0.0017188
69.345,-0.0017329
69.35,-0.0017468
69.355,-0.0017603
69.36,-0.0017695
69.365,-0.0017711
69.37,-0.0017644
69.375,-0.0017513
69.38,-0.0017326
69.385,-0.001709
69.39,-0.0016841
69.395,-0.0016606
69.4,-0.0016396
69.405,-0.0016239
69.41,-0.0016179
69.415,-0.0016218
69.42,-0.0016292
69.425,-0.0016345
69.43,-0.0016342
69.435,-0.0016266
69.44,-0.0016125
69.445,-0.0015941
69.45,-0.0015739
69.455,-0.0015539
69.46,-0.0015367
69.465,-0.0015223
69.47,-0.0015079
69.475,-0.0014934
69.48,-0.0014798
69.485,-0.0014677
69.49,-0.001456
69.495,-0.0014443
69.5,-0.0014332
69.505,-0.0014199
69.51,-0.0014004
69.515,-0.0013738
69.52,-0.0013418
69.525,-0.0013099
69.53,-0.0012855
69.535,-0.0012715
69.54,-0.0012695
69.545,-0.001281
69.55,-0.0013059
69.555,-0.0013421
69.56,-0.001382
69.565,-0.0014176
69.57,-0.0014459
69.575,-0.001467
69.58,-0.0014832
69.585,-0.0014995
69.59,-0.0015207
69.595,-0.0015515
69.6,-0.0015972
69.605,-0.0016602
69.61,-0.0017392
69.615,-0.0018294
69.62,-0.0019238
69.625,-0.0020136
69.63,-0.0020915
69.635,-0.0021539
69.64,-0.0022001
69.645,-0.0022304
69.65,-0.0022448
69.655,-0.0022446
69.66,-0.0022342
69.665,-0.0022205
69.67,-0.0022062
69.675,-0.0021887
69.68,-0.0021657
69.685,-0.0021359
69.69,-0.0020975
69.695,-0.0020494
69.7,-0.0019916
69.705,-0.0019274
69.71,-0.0018608
69.715,-0.0017938
69.72,-0.0017286
69.725,-0.0016692
69.73,-0.0016194
69.735,-0.0015797
69.74,-0.001546
69.745,-0.0015118
69.75,-0.0014702
69.755,-0.0014166
69.76,-0.0013519
69.765,-0.0012782
69.77,-0.001194
69.775,-0.0010981
69.78,-0.00098982
69.785,-0.00087084
69.79,-0.00074623
69.795,-0.00061738
69.8,-0.00048239
69.805,-0.00034017
69.81,-0.00019126
69.815,-3.9253e-05
69.82,0.00011141
69.825,0.00025843
69.83,0.00040114
69.835,0.0005386
69.84,0.00067076
69.845,0.00079805
69.85,0.00091887
69.855,0.0010294
69.86,0.0011271
69.865,0.0012114
69.87,0.0012835
69.875,0.0013449
69.88,0.0013981
69.885,0.0014441
69.89,0.0014812
69.895,0.0015053
69.9,0.0015144
69.905,0.0015094
69.91,0.001494
69.915,0.0014748
69.92,0.0014574
69.925,0.0014457
69.93,0.0014407
69.935,0.0014426
69.94,0.0014537
69.945,0.0014775
69.95,0.001516
69.955,0.0015661
69.96,0.001622
69.965,0.0016805
69.97,0.0017403
69.975,0.0018018
69.98,0.0018642
69.985,0.0019261
69.99,0.001986
69.995,0.0020406
70,0.0020879
70.005,0.0021244
70.01,0.0021442
70.015,0.0021429
70.02,0.0021216
70.025,0.0020825
70.03,0.0020257
70.035,0.0019533
70.04,0.0018705
70.045,0.0017831
70.05,0.001696
70.055,0.0016145
70.06,0.0015429
70.065,0.001483
70.07,0.0014347
70.075,0.0013965
70.08,0.0013652
70.085,0.0013403
70.09,0.0013249
70.095,0.0013212
70.1,0.0013286
70.105,0.0013459
70.11,0.0013705
70.115,0.0013991
70.12,0.0014271
70.125,0.0014509
70.13,0.0014675
70.135,0.0014732
70.14,0.0014651
70.145,0.0014411
70.15,0.0014019
70.155,0.0013508
70.16,0.0012933
70.165,0.0012358
70.17,0.0011835
70.175,0.0011413
70.18,0.0011118
70.185,0.0010962
70.19,0.001094
70.195,0.0011027
70.2,0.0011187
70.205,0.00114
70.21,0.0011639
70.215,0.0011859
70.22,0.0012024
70.225,0.0012142
70.23,0.0012237
70.235,0.001233
70.24,0.0012452
70.245,0.0012616
70.25,0.0012786
70.255,0.0012904
70.26,0.0012908
70.265,0.0012779
70.27,0.0012534
70.275,0.0012202
70.28,0.0011788
70.285,0.0011286
70.29,0.0010719
70.295,0.0010123
70.3,0.00095527
70.305,0.00090704
70.31,0.00086858
70.315,0.00083647
70.32,0.0008085
70.325,0.00078332
70.33,0.00075828
70.335,0.00072825
70.34,0.00068775
70.345,0.00063579
70.35,0.00057883
70.355,0.00052836
70.36,0.00049243
70.365,0.00047177
70.37,0.00046435
70.375,0.0004684
70.38,0.00048422
70.385,0.00050989
70.39,0.00054025
70.395,0.0005711
70.4,0.00060051
70.405,0.00062678
70.41,0.00064837
70.415,0.00066502
70.42,0.00067868
70.425,0.00069317
70.43,0.00070955
70.435,0.00072772
70.44,0.00075081
70.445,0.00078119
70.45,0.00081623
70.455,0.00085247
70.46,0.00088699
70.465,0.00091717
70.47,0.00094338
70.475,0.00096744
70.48,0.00099348
70.485,0.0010245
70.49,0.0010611
70.495,0.001104
70.5,0.0011508
70.505,0.001195
70.51,0.0012306
70.515,0.0012544
70.52,0.0012655
70.525,0.0012636
70.53,0.0012504
70.535,0.0012293
70.54,0.0012095
70.545,0.0011999
70.55,0.0012011
70.555,0.0012077
70.56,0.0012152
70.565,0.0012209
70.57,0.001221
70.575,0.0012109
70.58,0.001188
70.585,0.0011533
70.59,0.0011088
70.595,0.0010546
70.6,0.00098942
70.605,0.00091142
70.61,0.00082402
70.615,0.00073701
70.62,0.00066094
70.625,0.00059981
70.63,0.00055284
70.635,0.00051934
70.64,0.00049744
70.645,0.00048351
70.65,0.00047315
70.655,0.00046505
70.66,0.0004598
70.665,0.00045607
70.67,0.00044937
70.675,0.0004353
70.68,0.0004115
70.685,0.0003761
70.69,0.00032558
70.695,0.00025887
70.7,0.00017833
70.705,8.9805e-05
70.71,1.4495e-06
70.715,-8.1734e-05
70.72,-0.0001584
70.725,-0.0002255
70.73,-0.00027736
70.735,-0.00030856
70.74,-0.00032028
70.745,-0.00031862
70.75,-0.00031111
70.755,-0.0003027
70.76,-0.00029617
70.765,-0.00029487
70.77,-0.00030306
70.775,-0.00032097
70.78,-0.00034569
70.785,-0.00037497
70.79,-0.00040647
70.795,-0.00043613
70.8,-0.0004592
70.805,-0.00047366
70.81,-0.00047988
70.815,-0.00047704
70.82,-0.00046092
70.825,-0.00042893
70.83,-0.00038203
70.835,-0.0003227
70.84,-0.00025334
70.845,-0.00017778
70.85,-9.8952e-05
70.855,-1.9187e-05
70.86,5.7212e-05
70.865,0.00012653
70.87,0.00018581
70.875,0.00023309
70.88,0.00026857
70.885,0.0002956
70.89,0.00031871
70.895,0.00034083
70.9,0.00036257
70.905,0.00038207
70.91,0.00039476
70.915,0.00039678
70.92,0.00038878
70.925,0.00037272
70.93,0.00034837
70.935,0.0003167
70.94,0.00028102
70.945,0.00024488
70.95,0.00021179
70.955,0.00018717
70.96,0.00017661
70.965,0.00018318
70.97,0.00020721
70.975,0.00024761
70.98,0.00030214
70.985,0.00036762
70.99,0.00043999
70.995,0.0005139
71,0.00058727
71.005,0.00066007
71.01,0.00072905
71.015,0.0007899
71.02,0.00084094
71.025,0.00088364
71.03,0.00092089
71.035,0.00095676
71.04,0.00099452
71.045,0.001034
71.05,0.0010745
71.055,0.001118
71.06,0.0011677
71.065,0.0012232
71.07,0.0012802
71.075,0.0013331
71.08,0.0013771
71.085,0.0014108
71.09,0.001435
71.095,0.0014492
71.1,0.0014477
71.105,0.0014244
71.11,0.0013774
71.115,0.0013106
71.12,0.0012296
71.125,0.0011366
71.13,0.0010365
71.135,0.00093994
71.14,0.0008575
71.145,0.00079524
71.15,0.00075305
71.155,0.00072482
71.16,0.0007013
71.165,0.00067559
71.17,0.00064585
71.175,0.00061256
71.18,0.00057827
71.185,0.00054543
71.19,0.0005137
71.195,0.00048151
71.2,0.00044988
71.205,0.0004223
71.21,0.00040108
71.215,0.00038937
71.22,0.00038824
71.225,0.000393
71.23,0.00039903
71.235,0.00040626
71.24,0.00041622
71.245,0.00042926
71.25,0.00044323
71.255,0.00045689
71.26,0.00047082
71.265,0.00048732
71.27,0.00051098
71.275,0.00054385
71.28,0.00058338
71.285,0.00062362
71.29,0.00065636
71.295,0.00067689
71.3,0.00068692
71.305,0.00069145
71.31,0.00069383
71.315,0.00069391
71.32,0.0006924
71.325,0.00069158
71.33,0.00069442
71.335,0.00070455
71.34,0.00072392
71.345,0.00075114
71.35,0.00078241
71.355,0.00081311
71.36,0.00083668
71.365,0.00084842
71.37,0.00084839
71.375,0.0008371
71.38,0.00081322
71.385,0.00077727
71.39,0.0007334
71.395,0.00068591
71.4,0.00063922
71.405,0.00059786
71.41,0.00056293
71.415,0.00053122
71.42,0.00049771
71.425,0.00046068
71.43,0.0004211
71.435,0.00037633
71.44,0.0003256
71.445,0.0002736
71.45,0.00022352
71.455,0.00017698
71.46,0.00013513
71.465,9.7394e-05
71.47,6.4537e-05
71.475,3.695e-05
71.48,1.1365e-05
71.485,-1.7893e-05
71.49,-5.5531e-05
71.495,-0.00010012
71.5,-0.00014745
71.505,-0.00019611
71.51,-0.00024822
71.515,-0.00030707
71.52,-0.0003764
71.525,-0.00045746
71.53,-0.0005464
71.535,-0.00063781
71.54,-0.00072761
71.545,-0.00081565
71.55,-0.0009067
71.555,-0.0010034
71.56,-0.0011028
71.565,-0.0012008
71.57,-0.0012929
71.575,-0.0013757
71.58,-0.0014477
71.585,-0.001507
71.59,-0.0015507
71.595,-0.0015766
71.6,-0.0015846
71.605,-0.0015772
71.61,-0.0015583
71.615,-0.0015346
71.62,-0.001517
71.625,-0.0015113
71.63,-0.0015133
71.635,-0.0015174
71.64,-0.0015213
71.645,-0.001525
71.65,-0.0015273
71.655,-0.0015248
71.66,-0.0015156
71.665,-0.0015001
71.67,-0.0014806
71.675,-0.0014635
71.68,-0.0014538
71.685,-0.0014503
71.69,-0.0014485
71.695,-0.0014442
71.7,-0.001433
71.705,-0.0014116
71.71,-0.0013781
71.715,-0.0013337
71.72,-0.0012822
71.725,-0.001227
71.73,-0.0011695
71.735,-0.0011091
71.74,-0.0010468
71.745,-0.00098474
71.75,-0.00092317
71.755,-0.00086074
71.76,-0.00079375
71.765,-0.00071777
71.77,-0.00063097
71.775,-0.00053323
71.78,-0.00042795
71.785,-0.00032245
71.79,-0.00022371
71.795,-0.00013297
71.8,-4.6361e-05
71.805,3.8572e-05
71.81,0.00011821
71.815,0.00018758
71.82,0.00024891
71.825,0.00030839
71.83,0.00036945
71.835,0.0004294
71.84,0.00048337
71.845,0.00052751
71.85,0.00056018
71.855,0.00058452
71.86,0.00060733
71.865,0.00063366
71.87,0.00066636
71.875,0.00070924
71.88,0.00076442
71.885,0.00082977
71.89,0.00089834
71.895,0.0009646
71.9,0.0010261
71.905,0.0010822
71.91,0.001133
71.915,0.0011802
71.92,0.0012244
71.925,0.0012626
71.93,0.0012908
71.935,0.0013075
71.94,0.0013116
71.945,0.0013016
71.95,0.001278
71.955,0.0012402
71.96,0.0011856
71.965,0.0011143
71.97,0.0010325
71.975,0.00094807
71.98,0.00086632
71.985,0.00078839
71.99,0.00071448
71.995,0.00064602
72,0.00058346
72.005,0.00052636
72.01,0.00047396
72.015,0.00042678
72.02,0.00038876
72.025,0.00036516
72.03,0.00036026
72.035,0.00037576
72.04,0.00040891
72.045,0.00045404
72.05,0.00050467
72.055,0.00055345
72.06,0.00059583
72.065,0.00062948
72.07,0.00065074
72.075,0.00065506
72.08,0.0006432
72.085,0.00062299
72.09,0.00059972
72.095,0.00057292
72.1,0.00054041
72.105,0.00050129
72.11,0.00045601
72.115,0.00040418
72.12,0.00034311
72.125,0.00026896
72.13,0.00017999
72.135,7.8577e-05
72.14,-3.2435e-05
72.145,-0.00014992
72.15,-0.00027025
72.155,-0.00039361
72.16,-0.00052165
72.165,-0.00065379
72.17,-0.00078877
72.175,-0.0009251
72.18,-0.0010616
72.185,-0.0011966
72.19,-0.0013299
72.195,-0.0014611
72.2,-0.0015891
72.205,-0.001711
72.21,-0.0018205
72.215,-0.001913
72.22,-0.0019874
72.225,-0.0020431
72.23,-0.002079
72.235,-0.0020953
72.24,-0.0020925
72.245,-0.0020729
72.25,-0.00204
72.255,-0.0019957
72.26,-0.0019431
72.265,-0.0018866
72.27,-0.0018305
72.275,-0.0017803
72.28,-0.0017393
72.285,-0.0017084
72.29,-0.0016864
72.295,-0.001668
72.3,-0.0016452
72.305,-0.0016125
72.31,-0.0015666
72.315,-0.0015041
72.32,-0.0014225
72.325,-0.0013235
72.33,-0.0012159
72.335,-0.0011108
72.34,-0.0010188
72.345,-0.00095123
72.35,-0.00091724
72.355,-0.00091958
72.36,-0.00095572
72.365,-0.0010169
72.37,-0.0010892
72.375,-0.0011613
72.38,-0.0012254
72.385,-0.0012762
72.39,-0.0013122
72.395,-0.0013337
72.4,-0.0013409
72.405,-0.0013372
72.41,-0.0013302
72.415,-0.0013279
72.42,-0.0013333
72.425,-0.001344
72.43,-0.001356
72.435,-0.0013665
72.44,-0.0013735
72.445,-0.001379
72.45,-0.0013872
72.455,-0.0014011
72.46,-0.0014228
72.465,-0.0014526
72.47,-0.0014876
72.475,-0.0015234
72.48,-0.0015552
72.485,-0.0015754
72.49,-0.0015749
72.495,-0.0015499
72.5,-0.0015
72.505,-0.0014273
72.51,-0.0013379
72.515,-0.0012383
72.52,-0.0011352
72.525,-0.0010381
72.53,-0.00095494
72.535,-0.00088868
72.54,-0.00084225
72.545,-0.00081856
72.55,-0.00081507
72.555,-0.00082043
72.56,-0.00082024
72.565,-0.00080659
72.57,-0.00077818
72.575,-0.00073918
72.58,-0.00069542
72.585,-0.00064946
72.59,-0.00060362
72.595,-0.00056535
72.6,-0.00053997
72.605,-0.00052656
72.61,-0.00052314
72.615,-0.00052778
72.62,-0.000538
72.625,-0.00055195
72.63,-0.00056617
72.635,-0.0005782
72.64,-0.00059092
72.645,-0.00060734
72.65,-0.00063068
72.655,-0.00066242
72.66,-0.00069864
72.665,-0.00073443
72.67,-0.00076697
72.675,-0.00079191
72.68,-0.00080006
72.685,-0.00078207
72.69,-0.0007353
72.695,-0.00066433
72.7,-0.00057827
72.705,-0.00048537
72.71,-0.00039089
72.715,-0.00029995
72.72,-0.00021861
72.725,-0.00015184
72.73,-9.8119e-05
72.735,-5.1149e-05
72.74,-5.724e-06
72.745,4.3752e-05
72.75,9.9371e-05
72.755,0.00015498
72.76,0.00020199
72.765,0.00023591
72.77,0.00025567
72.775,0.00025952
72.78,0.00024554
72.785,0.00021343
72.79,0.00016469
72.795,0.00010361
72.8,3.8223e-05
72.805,-2.1986e-05
72.81,-6.8923e-05
72.815,-9.9936e-05
72.82,-0.00011973
72.825,-0.00013336
72.83,-0.00014411
72.835,-0.00015472
72.84,-0.00016842
72.845,-0.00018753
72.85,-0.00021233
72.855,-0.00024147
72.86,-0.0002718
72.865,-0.00029958
72.87,-0.00032115
72.875,-0.0003319
72.88,-0.00032896
72.885,-0.00031345
72.89,-0.00028826
72.895,-0.00025566
72.9,-0.00021695
72.905,-0.00016941
72.91,-0.0001091
72.915,-3.9077e-05
72.92,3.1983e-05
72.925,9.3579e-05
72.93,0.00013755
72.935,0.00016403
72.94,0.00017847
72.945,0.00018579
72.95,0.00018886
72.955,0.00018912
72.96,0.00018615
72.965,0.00017736
72.97,0.0001631
72.975,0.0001493
72.98,0.00014064
72.985,0.00013501
72.99,0.00012624
72.995,0.00010993
73,8.56e-05
73.005,5.5841e-05
73.01,2.292e-05
73.015,-8.1204e-06
73.02,-3.1055e-05
73.025,-4.4556e-05
73.03,-4.969e-05
73.035,-4.8334e-05
73.04,-3.9526e-05
73.045,-1.8562e-05
73.05,1.9459e-05
73.055,7.7703e-05
73.06,0.00015613
73.065,0.00025184
73.07,0.00036075
73.075,0.00047925
73.08,0.00060232
73.085,0.00072334
73.09,0.0008354
73.095,0.00093245
73.1,0.0010076
73.105,0.0010541
73.11,0.001066
73.115,0.001043
73.12,0.00098985
73.125,0.00091659
73.13,0.00083258
73.135,0.00074395
73.14,0.00065711
73.145,0.00057536
73.15,0.00049897
73.155,0.00043011
73.16,0.00037176
73.165,0.0003234
73.17,0.00028125
73.175,0.00024257
73.18,0.0002071
73.185,0.00017707
73.19,0.00015727
73.195,0.00015153
73.2,0.00015929
73.205,0.00017418
73.21,0.00019113
73.215,0.00020808
73.22,0.00022047
73.225,0.00022381
73.23,0.00021582
73.235,0.00019431
73.24,0.00015925
73.245,0.00011713
73.25,7.5306e-05
73.255,3.8328e-05
73.26,5.521e-06
73.265,-2.6223e-05
73.27,-5.803e-05
73.275,-8.8193e-05
73.28,-0.00011623
73.285,-0.00014492
73.29,-0.00017822
73.295,-0.0002159
73.3,-0.00025138
73.305,-0.00027666
73.31,-0.00028489
73.315,-0.00027421
73.32,-0.00024994
73.325,-0.00021813
73.33,-0.00018264
73.335,-0.00014552
73.34,-0.00011288
73.345,-9.4164e-05
73.35,-9.4199e-05
73.355,-0.00011325
73.36,-0.00014754
73.365,-0.0001908
73.37,-0.00023413
73.375,-0.00026964
73.38,-0.00029657
73.385,-0.00031733
73.39,-0.00033431
73.395,-0.00035016
73.4,-0.00036732
73.405,-0.00038815
73.41,-0.00041473
73.415,-0.00044654
73.42,-0.00048181
73.425,-0.00051687
73.43,-0.00054785
73.435,-0.00057247
73.44,-0.00058583
73.445,-0.00058376
73.45,-0.00056752
73.455,-0.00053975
73.46,-0.00050271
73.465,-0.00045818
73.47,-0.00040733
73.475,-0.00035305
73.48,-0.00030069
73.485,-0.00025641
73.49,-0.00022393
73.495,-0.00020096
73.5,-0.00018162
73.505,-0.00016308
73.51,-0.00014475
73.515,-0.00012388
73.52,-9.8307e-05
73.525,-7.0446e-05
73.53,-4.4651e-05
73.535,-2.4251e-05
73.54,-1.2153e-05
73.545,-1.0207e-05
73.55,-1.6977e-05
73.555,-2.6508e-05
73.56,-3.2358e-05
73.565,-3.1562e-05
73.57,-2.0909e-05
73.575,4.9286e-06
73.58,4.6804e-05
73.585,0.00010056
73.59,0.00016086
73.595,0.00022075
73.6,0.00027395
73.605,0.00031738
73.61,0.00034958
73.615,0.00036857
73.62,0.00037109
73.625,0.00036042
73.63,0.0003464
73.635,0.00033531
73.64,0.00032821
73.645,0.00032452
73.65,0.00032185
73.655,0.00031839
73.66,0.0003135
73.665,0.0003044
73.67,0.00028486
73.675,0.00025256
73.68,0.00020944
73.685,0.00015711
73.69,9.7876e-05
73.695,3.4528e-05
73.7,-3.0373e-05
73.705,-9.3035e-05
73.71,-0.00014775
73.715,-0.00018893
73.72,-0.00021478
73.725,-0.00022634
73.73,-0.00022423
73.735,-0.00020872
73.74,-0.00018122
73.745,-0.00014472
73.75,-0.00010364
73.755,-6.233e-05
73.76,-2.2423e-05
73.765,1.1888e-05
73.77,3.2995e-05
73.775,3.5705e-05
73.78,1.6962e-05
73.785,-2.4962e-05
73.79,-9.0842e-05
73.795,-0.0001788
73.8,-0.00028325
73.805,-0.00039425
73.81,-0.00049952
73.815,-0.00059049
73.82,-0.00066323
73.825,-0.00071671
73.83,-0.00075046
73.835,-0.0007662
73.84,-0.00076928
73.845,-0.00076707
73.85,-0.00076193
73.855,-0.00075438
73.86,-0.0007474
73.865,-0.00074565
73.87,-0.00075308
73.875,-0.00076738
73.88,-0.00078465
73.885,-0.00080384
73.89,-0.00082653
73.895,-0.00085401
73.9,-0.00088441
73.905,-0.00091658
73.91,-0.00095148
73.915,-0.00098948
73.92,-0.001028
73.925,-0.001061
73.93,-0.0010827
73.935,-0.0010905
73.94,-0.0010836
73.945,-0.0010641
73.95,-0.0010363
73.955,-0.0010009
73.96,-0.0009571
73.965,-0.00090442
73.97,-0.0008429
73.975,-0.00077413
73.98,-0.00070135
73.985,-0.00062931
73.99,-0.00056306
73.995,-0.00050572
74,-0.00045777
74.005,-0.00041905
74.01,-0.00039073
74.015,-0.00037369
74.02,-0.00036421
74.025,-0.00035604
74.03,-0.00034553
74.035,-0.00033026
74.04,-0.00030618
74.045,-0.00026794
74.05,-0.00021095
74.055,-0.00013568
74.06,-4.6164e-05
74.065,5.5386e-05
74.07,0.0001677
74.075,0.00028863
74.08,0.00041446
74.085,0.0005382
74.09,0.00065233
74.095,0.00075461
74.1,0.00084645
74.105,0.00092608
74.11,0.00098822
74.115,0.0010279
74.12,0.0010466
74.125,0.0010472
74.13,0.0010303
74.135,0.00099879
74.14,0.00095839
74.145,0.00091704
74.15,0.00088111
74.155,0.00085421
74.16,0.00083957
74.165,0.00083931
74.17,0.00085141
74.175,0.00087244
74.18,0.00089933
74.185,0.00092672
74.19,0.0009471
74.195,0.00095457
74.2,0.00094915
74.205,0.00093608
74.21,0.00092275
74.215,0.00091395
74.22,0.00091145
74.225,0.00091466
74.23,0.00092337
74.235,0.00093846
74.24,0.00095748
74.245,0.00097637
74.25,0.00098989
74.255,0.00099197
74.26,0.00097989
74.265,0.00095295
74.27,0.00091133
74.275,0.00085869
74.28,0.00080216
74.285,0.00075041
74.29,0.00070993
74.295,0.00068419
74.3,0.00067599
74.305,0.00068682
74.31,0.00071521
74.315,0.00075459
74.32,0.00079745
74.325,0.00083972
74.33,0.00087923
74.335,0.00091521
74.34,0.00095026
74.345,0.00099012
74.35,0.0010383
74.355,0.001093
74.36,0.0011498
74.365,0.001207
74.37,0.0012654
74.375,0.0013243
74.38,0.0013786
74.385,0.0014224
74.39,0.0014517
74.395,0.0014678
74.4,0.0014755
74.405,0.001481
74.41,0.0014875
74.415,0.0014938
74.42,0.0014964
74.425,0.0014939
74.43,0.0014855
74.435,0.0014675
74.44,0.0014342
74.445,0.0013825
74.45,0.0013132
74.455,0.0012318
74.46,0.0011476
74.465,0.0010702
74.47,0.001008
74.475,0.00096341
74.48,0.0009359
74.485,0.00092429
74.49,0.00092676
74.495,0.00094071
74.5,0.00096059
74.505,0.00097783
74.51,0.00098417
74.515,0.00097391
74.52,0.00094463
74.525,0.00089993
74.53,0.00084753
74.535,0.00079366
74.54,0.00074222
74.545,0.00069565
74.55,0.00065508
74.555,0.00062161
74.56,0.00059118
74.565,0.00055574
74.57,0.00050941
74.575,0.00044872
74.58,0.00037268
74.585,0.00028308
74.59,0.00018397
74.595,8.0673e-05
74.6,-1.9458e-05
74.605,-0.00010569
74.61,-0.00016748
74.615,-0.00019806
74.62,-0.00019603
74.625,-0.00016336
74.63,-0.00010358
74.635,-2.4025e-05
74.64,6.1297e-05
74.645,0.00013647
74.65,0.00019157
74.655,0.00022181
74.66,0.00022376
74.665,0.0001982
74.67,0.00014983
74.675,8.452e-05
74.68,9.2113e-06
74.685,-7.1183e-05
74.69,-0.00015216
74.695,-0.00022943
74.7,-0.00029905
74.705,-0.00035738
74.71,-0.00040104
74.715,-0.00042781
74.72,-0.00043668
74.725,-0.00042846
74.73,-0.00040723
74.735,-0.00037801
74.74,-0.00034383
74.745,-0.00030644
74.75,-0.00026795
74.755,-0.00023074
74.76,-0.00019885
74.765,-0.00017923
74.77,-0.00017717
74.775,-0.00019042
74.78,-0.00021481
74.785,-0.00024993
74.79,-0.00029756
74.795,-0.00035423
74.8,-0.00041006
74.805,-0.00045535
74.81,-0.00048179
74.815,-0.00048373
74.82,-0.00046134
74.825,-0.00041664
74.83,-0.00034763
74.835,-0.00025434
74.84,-0.0001409
74.845,-1.4226e-05
74.85,0.00011662
74.855,0.00024236
74.86,0.00035633
74.865,0.00045502
74.87,0.00053401
74.875,0.00058764
74.88,0.00061177
74.885,0.00060443
74.89,0.00056665
74.895,0.0005029
74.9,0.00041639
74.905,0.0003101
74.91,0.00018865
74.915,5.8209e-05
74.92,-7.0884e-05
74.925,-0.00018627
74.93,-0.00028013
74.935,-0.00035156
74.94,-0.00040222
74.945,-0.00043476
74.95,-0.00045367
74.955,-0.00046495
74.96,-0.00047686
74.965,-0.00049664
74.97,-0.00053018
74.975,-0.00057701
74.98,-0.00063246
74.985,-0.00069438
74.99,-0.00076298
74.995,-0.00083583
75,-0.00090729
75.005,-0.00097242
75.01,-0.0010291
75.015,-0.0010762
75.02,-0.0011108
75.025,-0.0011337
75.03,-0.0011491
75.035,-0.0011611
75.04,-0.0011742
75.045,-0.0011903
75.05,-0.001204
75.055,-0.001206
75.06,-0.0011905
75.065,-0.0011588
75.07,-0.0011142
75.075,-0.001056
75.08,-0.00098456
75.085,-0.00090513
75.09,-0.00082664
75.095,-0.00075821
75.1,-0.00070434
75.105,-0.00066639
75.11,-0.00064467
75.115,-0.00063883
75.12,-0.00064742
75.125,-0.00066858
75.13,-0.00070032
75.135,-0.00073934
75.14,-0.00078042
75.145,-0.00081645
75.15,-0.00083818
75.155,-0.00083738
75.16,-0.00081156
75.165,-0.00076378
75.17,-0.00069959
75.175,-0.00062189
75.18,-0.00053278
75.185,-0.00043882
75.19,-0.00034913
75.195,-0.00027428
75.2,-0.00022384
75.205,-0.00020002
75.21,-0.00019806
75.215,-0.00021115
75.22,-0.00023477
75.225,-0.00026679
75.23,-0.00030316
75.235,-0.0003377
75.24,-0.00036509
75.245,-0.00038029
75.25,-0.0003799
75.255,-0.00036257
75.26,-0.00032844
75.265,-0.00028124
75.27,-0.00022781
75.275,-0.00017311
75.28,-0.0001154
75.285,-5.1089e-05
75.29,1.8959e-05
75.295,9.2178e-05
75.3,0.00016593
75.305,0.00023578
75.31,0.00029914
75.315,0.00035772
75.32,0.00041328
75.325,0.00046393
75.33,0.0005057
75.335,0.0005369
75.34,0.00055799
75.345,0.00057106
75.35,0.0005778
75.355,0.00057813
75.36,0.00057065
75.365,0.00055768
75.37,0.00054635
75.375,0.00053696
75.38,0.00052252
75.385,0.00049772
75.39,0.00046749
75.395,0.00044066
75.4,0.00042179
75.405,0.00040963
75.41,0.00040193
75.415,0.00040005
75.42,0.00040581
75.425,0.0004188
75.43,0.0004357
75.435,0.00045133
75.44,0.00045969
75.445,0.00045855
75.45,0.00044893
75.455,0.00043015
75.46,0.0004014
75.465,0.00036425
75.47,0.00031954
75.475,0.00026639
75.48,0.00020546
75.485,0.00013865
75.49,6.8098e-05
75.495,-3.9185e-06
75.5,-7.1901e-05
75.505,-0.00012792
75.51,-0.00016896
75.515,-0.00019678
75.52,-0.00021259
75.525,-0.00021736
75.53,-0.00021277
75.535,-0.00019977
75.54,-0.00018048
75.545,-0.00015966
75.55,-0.00014253
75.555,-0.00013054
75.56,-0.00012176
75.565,-0.00011285
75.57,-0.00010123
75.575,-8.6758e-05
75.58,-6.9115e-05
75.585,-4.7233e-05
75.59,-1.8262e-05
75.595,2.1086e-05
75.6,7.1104e-05
75.605,0.00012843
75.61,0.00018968
75.615,0.00025503
75.62,0.0003249
75.625,0.00039659
75.63,0.000469
75.635,0.00054278
75.64,0.00061813
75.645,0.00069205
75.65,0.00076227
75.655,0.00082915
75.66,0.00089124
75.665,0.00094445
75.67,0.0009857
75.675,0.0010162
75.68,0.0010391
75.685,0.0010553
75.69,0.0010632
75.695,0.0010618
75.7,0.0010539
75.705,0.001046
75.71,0.0010425
75.715,0.0010441
75.72,0.0010513
75.725,0.0010641
75.73,0.001084
75.735,0.0011141
75.74,0.001154
75.745,0.0011968
75.75,0.0012355
75.755,0.0012691
75.76,0.0013019
75.765,0.0013366
75.77,0.0013698
75.775,0.0013974
75.78,0.0014146
75.785,0.0014135
75.79,0.0013877
75.795,0.0013383
75.8,0.0012728
75.805,0.0011958
75.81,0.0011075
75.815,0.0010087
75.82,0.00090526
75.825,0.00080802
75.83,0.00072656
75.835,0.00066585
75.84,0.000627
75.845,0.00061071
75.85,0.00061693
75.855,0.00064248
75.86,0.00068042
75.865,0.00071962
75.87,0.000749
75.875,0.00076258
75.88,0.00075876
75.885,0.00073718
75.89,0.00070161
75.895,0.00066173
75.9,0.00062581
75.905,0.00059599
75.91,0.00057014
75.915,0.00054997
75.92,0.00053881
75.925,0.00053687
75.93,0.00054154
75.935,0.00054832
75.94,0.00055414
75.945,0.00055957
75.95,0.00056587
75.955,0.00057383
75.96,0.00058353
75.965,0.00059389
75.97,0.0006027
75.975,0.00060496
75.98,0.00059705
75.985,0.0005784
75.99,0.00054902
75.995,0.00050971
76,0.00046298
76.005,0.00041311
76.01,0.00036596
76.015,0.00032679
76.02,0.00029695
76.025,0.00027342
76.03,0.00025097
76.035,0.00022572
76.04,0.00019138
76.045,0.00014157
76.05,7.6685e-05
76.055,3.9342e-07
76.06,-8.3563e-05
76.065,-0.00016823
76.07,-0.00024328
76.075,-0.00029714
76.08,-0.00032203
76.085,-0.00032115
76.09,-0.00030449
76.095,-0.00028166
76.1,-0.00026237
76.105,-0.00025706
76.11,-0.00027492
76.115,-0.00032026
76.12,-0.00039561
76.125,-0.0005017
76.13,-0.00063663
76.135,-0.00079551
76.14,-0.00096993
76.145,-0.0011504
76.15,-0.0013292
76.155,-0.0015011
76.16,-0.001662
76.165,-0.0018051
76.17,-0.0019234
76.175,-0.0020153
76.18,-0.0020789
76.185,-0.0021097
76.19,-0.0021046
76.195,-0.0020639
76.2,-0.0019894
76.205,-0.0018901
76.21,-0.0017851
76.215,-0.0016921
76.22,-0.0016222
76.225,-0.0015779
76.23,-0.0015575
76.235,-0.001555
76.24,-0.0015601
76.245,-0.0015627
76.25,-0.0015541
76.255,-0.0015273
76.26,-0.0014778
76.265,-0.0014051
76.27,-0.0013132
76.275,-0.0012074
76.28,-0.0010938
76.285,-0.00097957
76.29,-0.00087321
76.295,-0.00078309
76.3,-0.00071383
76.305,-0.00066527
76.31,-0.00063543
76.315,-0.00062239
76.32,-0.00062357
76.325,-0.00063308
76.33,-0.00064608
76.335,-0.00065882
76.34,-0.00066753
76.345,-0.00066784
76.35,-0.00065361
76.355,-0.0006227
76.36,-0.00057676
76.365,-0.00052156
76.37,-0.00046556
76.375,-0.00041554
76.38,-0.00037419
76.385,-0.00034083
76.39,-0.00031312
76.395,-0.00028772
76.4,-0.00026286
76.405,-0.00023786
76.41,-0.00021179
76.415,-0.00018139
76.42,-0.00014257
76.425,-9.5632e-05
76.43,-4.3496e-05
76.435,1.0934e-05
76.44,6.7808e-05
76.445,0.00012995
76.45,0.00019765
76.455,0.00027009
76.46,0.00034798
76.465,0.0004285
76.47,0.00050441
76.475,0.00056928
76.48,0.00061946
76.485,0.00065448
76.49,0.0006743
76.495,0.00068191
76.5,0.00068069
76.505,0.00066957
76.51,0.00065036
76.515,0.00062989
76.52,0.00061696
76.525,0.00061798
76.53,0.00063359
76.535,0.00065741
76.54,0.00067795
76.545,0.00068245
76.55,0.00066388
76.555,0.00062389
76.56,0.00056468
76.565,0.00048478
76.57,0.00038613
76.575,0.00027705
76.58,0.00016737
76.585,6.488e-05
76.59,-2.744e-05
76.595,-0.00011031
76.6,-0.00018622
76.605,-0.00025694
76.61,-0.00032282
76.615,-0.00038162
76.62,-0.00042809
76.625,-0.00045479
76.63,-0.00045537
76.635,-0.00042754
76.64,-0.00037456
76.645,-0.00030388
76.65,-0.00022326
76.655,-0.00014053
76.66,-6.5221e-05
76.665,-8.5026e-06
76.67,2.29e-05
76.675,2.9595e-05
76.68,1.8707e-05
76.685,1.8036e-06
76.69,-9.6239e-06
76.695,-7.7179e-06
76.7,1.1896e-05
76.705,5.04e-05
76.71,0.00010765
76.715,0.00018363
76.72,0.00027365
76.725,0.00036698
76.73,0.00045093
76.735,0.000519
76.74,0.00057367
76.745,0.0006205
76.75,0.00066185
76.755,0.00069848
76.76,0.00073238
76.765,0.00076469
76.77,0.00079632
76.775,0.00082882
76.78,0.00086127
76.785,0.00088852
76.79,0.00090306
76.795,0.00090253
76.8,0.0008909
76.805,0.00087154
76.81,0.0008445
76.815,0.00081117
76.82,0.00077383
76.825,0.00073186
76.83,0.00068287
76.835,0.00062554
76.84,0.00056268
76.845,0.00050025
76.85,0.00044603
76.855,0.00040454
76.86,0.00037366
76.865,0.00035046
76.87,0.00033504
76.875,0.00032615
76.88,0.00031998
76.885,0.00031197
76.89,0.00029899
76.895,0.00027932
76.9,0.00025089
76.905,0.00021177
76.91,0.00016203
76.915,0.00010455
76.92,4.2632e-05
76.925,-2.1961e-05
76.93,-8.9074e-05
76.935,-0.00015638
76.94,-0.00022008
76.945,-0.00027932
76.95,-0.00033545
76.955,-0.0003866
76.96,-0.00042836
76.965,-0.00045925
76.97,-0.00048089
76.975,-0.00049462
76.98,-0.00050051
76.985,-0.00049584
76.99,-0.00047533
76.995,-0.00043647
77,-0.00038459
77.005,-0.00032845
77.01,-0.00027321
77.015,-0.00021902
77.02,-0.00016761
77.025,-0.00012713
77.03,-0.00011046
77.035,-0.00012906
77.04,-0.00018137
77.045,-0.00025301
77.05,-0.00032777
77.055,-0.00039432
77.06,-0.00044834
77.065,-0.00049057
77.07,-0.0005214
77.075,-0.00053699
77.08,-0.00053606
77.085,-0.00052557
77.09,-0.00051018
77.095,-0.00048776
77.1,-0.00045947
77.105,-0.00043315
77.11,-0.00041585
77.115,-0.00040523
77.12,-0.00039438
77.125,-0.00037789
77.13,-0.00035356
77.135,-0.00032436
77.14,-0.00029513
77.145,-0.00027021
77.15,-0.00025029
77.155,-0.00023293
77.16,-0.00021601
77.165,-0.00020097
77.17,-0.00019048
77.175,-0.0001855
77.18,-0.00018644
77.185,-0.00019036
77.19,-0.00019369
77.195,-0.00019598
77.2,-0.00019692
77.205,-0.00019333
77.21,-0.00018081
77.215,-0.00015853
77.22,-0.0001315
77.225,-0.00010627
77.23,-8.7643e-05
77.235,-7.6683e-05
77.24,-7.1727e-05
77.245,-7.1727e-05
77.25,-7.7808e-05
77.255,-9.1332e-05
77.26,-0.00011219
77.265,-0.00014101
77.27,-0.00017838
77.275,-0.0002215
77.28,-0.00026621
77.285,-0.00031173
77.29,-0.00036242
77.295,-0.00041994
77.3,-0.00048181
77.305,-0.00054331
77.31,-0.00059965
77.315,-0.00065021
77.32,-0.00069486
77.325,-0.00073014
77.33,-0.00075137
77.335,-0.00075636
77.34,-0.0007475
77.345,-0.0007303
77.35,-0.00070884
77.355,-0.00068581
77.36,-0.00066341
77.365,-0.00064034
77.37,-0.00061385
77.375,-0.00058349
77.38,-0.00055335
77.385,-0.00052799
77.39,-0.00050812
77.395,-0.00049372
77.4,-0.00048375
77.405,-0.00047331
77.41,-0.00045712
77.415,-0.00043511
77.42,-0.00041157
77.425,-0.00038904
77.43,-0.00036675
77.435,-0.0003434
77.44,-0.0003186
77.445,-0.00029174
77.45,-0.00026116
77.455,-0.00022708
77.46,-0.00019184
77.465,-0.00015798
77.47,-0.00012915
77.475,-0.00010826
77.48,-9.7745e-05
77.485,-9.9113e-05
77.49,-0.00011143
77.495,-0.00013313
77.5,-0.00016423
77.505,-0.00020447
77.51,-0.00025133
77.515,-0.00030246
77.52,-0.00035583
77.525,-0.00041028
77.53,-0.00046389
77.535,-0.00051053
77.54,-0.00054307
77.545,-0.0005583
77.55,-0.00055802
77.555,-0.00054681
77.56,-0.00052844
77.565,-0.00050579
77.57,-0.00048087
77.575,-0.00045574
77.58,-0.00043353
77.585,-0.00041768
77.59,-0.0004115
77.595,-0.00041342
77.6,-0.00041647
77.605,-0.00041422
77.61,-0.00040584
77.615,-0.00039103
77.62,-0.00036998
77.625,-0.00034278
77.63,-0.00030991
77.635,-0.0002732
77.64,-0.0002357
77.645,-0.0002005
77.65,-0.00016903
77.655,-0.00014041
77.66,-0.00011225
77.665,-8.4373e-05
77.67,-5.7365e-05
77.675,-3.0188e-05
77.68,-1.6385e-06
77.685,2.5576e-05
77.69,4.677e-05
77.695,5.9241e-05
77.7,5.9658e-05
77.705,4.5044e-05
77.71,1.3733e-05
77.715,-3.3093e-05
77.72,-9.0218e-05
77.725,-0.00015556
77.73,-0.00022811
77.735,-0.00030097
77.74,-0.00036591
77.745,-0.0004172
77.75,-0.00045509
77.755,-0.00048201
77.76,-0.00049769
77.765,-0.00050367
77.77,-0.0005035
77.775,-0.00050085
77.78,-0.00049681
77.785,-0.00049178
77.79,-0.00048726
77.795,-0.00048447
77.8,-0.00048443
77.805,-0.00048895
77.81,-0.00050321
77.815,-0.00053024
77.82,-0.00056746
77.825,-0.00061079
77.83,-0.00065718
77.835,-0.00070726
77.84,-0.0007631
77.845,-0.00082236
77.85,-0.00087922
77.855,-0.00093069
77.86,-0.00097624
77.865,-0.0010136
77.87,-0.0010381
77.875,-0.0010482
77.88,-0.0010471
77.885,-0.0010391
77.89,-0.0010269
77.895,-0.0010106
77.9,-0.00098775
77.905,-0.00095582
77.91,-0.0009134
77.915,-0.00085978
77.92,-0.00079555
77.925,-0.00072181
77.93,-0.00064158
77.935,-0.00055932
77.94,-0.0004796
77.945,-0.00040714
77.95,-0.0003444
77.955,-0.00029095
77.96,-0.00024776
77.965,-0.00021792
77.97,-0.00020211
77.975,-0.00019855
77.98,-0.00020689
77.985,-0.00022576
77.99,-0.00025318
77.995,-0.00028913
78,-0.00033032
78.005,-0.00037101
78.01,-0.00040719
78.015,-0.00043523
78.02,-0.00045378
78.025,-0.00046386
78.03,-0.00046752
78.035,-0.00046815
78.04,-0.00046912
78.045,-0.00047015
78.05,-0.0004715
78.055,-0.00047557
78.06,-0.00048673
78.065,-0.00050552
78.07,-0.00052649
78.075,-0.00054614
78.08,-0.00056605
78.085,-0.0005862
78.09,-0.00060405
78.095,-0.00061513
78.1,-0.00061466
78.105,-0.0006015
78.11,-0.00057817
78.115,-0.00054815
78.12,-0.00051203
78.125,-0.00047018
78.13,-0.00042507
78.135,-0.00038166
78.14,-0.00034157
78.145,-0.00030437
78.15,-0.00026963
78.155,-0.00023384
78.16,-0.00019206
78.165,-0.00014251
78.17,-8.6849e-05
78.175,-2.9401e-05
78.18,2.7461e-05
78.185,8.3254e-05
78.19,0.00013568
78.195,0.00018172
78.2,0.00021654
78.205,0.00023757
78.21,0.00024733
78.215,0.00025204
78.22,0.00025569
78.225,0.00025761
78.23,0.00025864
78.235,0.00026258
78.24,0.00027062
78.245,0.00028199
78.25,0.0002949
78.255,0.00030667
78.26,0.00031463
78.265,0.00031602
78.27,0.00031131
78.275,0.00029892
78.28,0.00027561
78.285,0.00023992
78.29,0.0001917
78.295,0.0001332
78.3,6.6551e-05
78.305,-5.6017e-06
78.31,-7.761e-05
78.315,-0.00014165
78.32,-0.00019236
78.325,-0.00022675
78.33,-0.00024286
78.335,-0.00024166
78.34,-0.00022724
78.345,-0.00020459
78.35,-0.00017592
78.355,-0.00013959
78.36,-9.3358e-05
78.365,-3.7825e-05
78.37,2.1118e-05
78.375,7.9587e-05
78.38,0.00013808
78.385,0.00019615
78.39,0.00025183
78.395,0.00030142
78.4,0.00034301
78.405,0.00037778
78.41,0.00040702
78.415,0.00043332
78.42,0.00046035
78.425,0.00048955
78.43,0.00052204
78.435,0.00055842
78.44,0.00059884
78.445,0.00064325
78.45,0.000693
78.455,0.00074891
78.46,0.00080935
78.465,0.00087063
78.47,0.0009274
78.475,0.00097442
78.48,0.0010112
78.485,0.0010399
78.49,0.0010605
78.495,0.0010724
78.5,0.0010761
78.505,0.0010749
78.51,0.0010728
78.515,0.0010748
78.52,0.0010869
78.525,0.0011143
78.53,0.0011555
78.535,0.0012023
78.54,0.001246
78.545,0.0012823
78.55,0.0013098
78.555,0.0013282
78.56,0.0013392
78.565,0.0013447
78.57,0.0013444
78.575,0.0013386
78.58,0.001333
78.585,0.0013346
78.59,0.0013442
78.595,0.0013597
78.6,0.0013775
78.605,0.0013948
78.61,0.0014109
78.615,0.0014244
78.62,0.0014329
78.625,0.0014376
78.63,0.0014435
78.635,0.0014542
78.64,0.001467
78.645,0.0014763
78.65,0.0014761
78.655,0.001463
78.66,0.0014398
78.665,0.0014101
78.67,0.0013747
78.675,0.001336
78.68,0.0012988
78.685,0.0012674
78.69,0.0012427
78.695,0.0012252
78.7,0.0012171
78.705,0.0012207
78.71,0.0012356
78.715,0.0012588
78.72,0.0012837
78.725,0.0013042
78.73,0.0013169
78.735,0.001325
78.74,0.0013346
78.745,0.0013512
78.75,0.0013754
78.755,0.0014059
78.76,0.0014408
78.765,0.0014778
78.77,0.0015174
78.775,0.0015596
78.78,0.0016011
78.785,0.0016359
78.79,0.0016591
78.795,0.0016705
78.8,0.0016735
78.805,0.0016715
78.81,0.0016655
78.815,0.0016558
78.82,0.0016406
78.825,0.0016187
78.83,0.0015924
78.835,0.0015656
78.84,0.0015378
78.845,0.0015076
78.85,0.0014782
78.855,0.0014535
78.86,0.0014353
78.865,0.0014217
78.87,0.0014105
78.875,0.001399
78.88,0.0013829
78.885,0.0013573
78.89,0.0013198
78.895,0.0012715
78.9,0.0012145
78.905,0.0011515
78.91,0.0010871
78.915,0.0010277
78.92,0.00097919
78.925,0.00094628
78.93,0.00092844
78.935,0.00092276
78.94,0.00092523
78.945,0.00092956
78.95,0.00092935
78.955,0.0009207
78.96,0.00090293
78.965,0.00087652
78.97,0.00084123
78.975,0.00079522
78.98,0.00073827
78.985,0.00067373
78.99,0.00060568
78.995,0.0005358
79,0.00046649
79.005,0.00040234
79.01,0.00034779
79.015,0.00030559
79.02,0.0002768
79.025,0.00025894
79.03,0.00024726
79.035,0.00023636
79.04,0.00022125
79.045,0.00019865
79.05,0.00016706
79.055,0.00012761
79.06,8.0835e-05
79.065,2.5168e-05
79.07,-3.8179e-05
79.075,-0.00010566
79.08,-0.00017328
79.085,-0.00023647
79.09,-0.00029302
79.095,-0.00034378
79.1,-0.00039134
79.105,-0.00043634
79.11,-0.0004785
79.115,-0.00051637
79.12,-0.00054941
79.125,-0.00057903
79.13,-0.00060779
79.135,-0.00063649
79.14,-0.00066528
79.145,-0.00069543
79.15,-0.00072758
79.155,-0.00075738
79.16,-0.00077974
79.165,-0.00079665
79.17,-0.00081121
79.175,-0.00082072
79.18,-0.00082152
79.185,-0.00081532
79.19,-0.00080568
79.195,-0.00079559
79.2,-0.00078801
79.205,-0.0007826
79.21,-0.00077678
79.215,-0.00076922
79.22,-0.00076239
79.225,-0.00075912
79.23,-0.00076129
79.235,-0.00077121
79.24,-0.00078805
79.245,-0.00080723
79.25,-0.00082457
79.255,-0.00083829
79.26,-0.00084734
79.265,-0.00085134
79.27,-0.0008515
79.275,-0.00084748
79.28,-0.00083577
79.285,-0.00081348
79.29,-0.00077896
79.295,-0.00073533
79.3,-0.00069097
79.305,-0.00065221
79.31,-0.00061887
79.315,-0.0005884
79.32,-0.00055792
79.325,-0.0005254
79.33,-0.000492
79.335,-0.00045711
79.34,-0.00041837
79.345,-0.00037474
79.35,-0.00032944
79.355,-0.00028911
79.36,-0.00025947
79.365,-0.00024283
79.37,-0.0002372
79.375,-0.00023734
79.38,-0.00023995
79.385,-0.00024381
79.39,-0.00024509
79.395,-0.00023772
79.4,-0.00021906
79.405,-0.00019346
79.41,-0.00016648
79.415,-0.00013579
79.42,-9.8183e-05
79.425,-5.5136e-05
79.43,-1.1913e-05
79.435,2.4809e-05
79.44,5.0135e-05
79.445,5.9533e-05
79.45,5.2679e-05
79.455,3.6181e-05
79.46,1.3385e-05
79.465,-2.035e-05
79.47,-6.9095e-05
79.475,-0.00013105
79.48,-0.00019923
79.485,-0.00026681
79.49,-0.00032995
79.495,-0.00038635
79.5,-0.00043222
79.505,-0.00046444
79.51,-0.00048298
79.515,-0.00049222
79.52,-0.00049773
79.525,-0.00050286
79.53,-0.00050685
79.535,-0.00050646
79.54,-0.00050103
79.545,-0.00049401
79.55,-0.00048807
79.555,-0.00048491
79.56,-0.00048428
79.565,-0.00048365
79.57,-0.00048372
79.575,-0.00048567
79.58,-0.00048714
79.585,-0.00048532
79.59,-0.00047891
79.595,-0.00046743
79.6,-0.00045186
79.605,-0.00043446
79.61,-0.00041561
79.615,-0.00039401
79.62,-0.00036848
79.625,-0.00034009
79.63,-0.00031263
79.635,-0.00028919
79.64,-0.00026937
79.645,-0.00025034
79.65,-0.00022924
79.655,-0.00020843
79.66,-0.00019365
79.665,-0.00018699
79.67,-0.00018612
79.675,-0.00018776
79.68,-0.000187
79.685,-0.00018054
79.69,-0.0001698
79.695,-0.00016
79.7,-0.00015581
79.705,-0.00015747
79.71,-0.00016198
79.715,-0.00016805
79.72,-0.00018105
79.725,-0.00020574
79.73,-0.00024289
79.735,-0.00029026
79.74,-0.00034441
79.745,-0.00040264
79.75,-0.00046402
79.755,-0.00052695
79.76,-0.0005857
79.765,-0.00063662
79.77,-0.00068044
79.775,-0.00072037
79.78,-0.00076302
79.785,-0.00081814
79.79,-0.00088958
79.795,-0.00097004
79.8,-0.0010473
79.805,-0.0011136
79.81,-0.0011677
79.815,-0.001211
79.82,-0.0012444
79.825,-0.0012678
79.83,-0.0012823
79.835,-0.0012885
79.84,-0.0012858
79.845,-0.0012743
79.85,-0.0012557
79.855,-0.001234
79.86,-0.0012112
79.865,-0.0011856
79.87,-0.0011555
79.875,-0.0011205
79.88,-0.0010836
79.885,-0.0010501
79.89,-0.001026
79.895,-0.0010152
79.9,-0.0010157
79.905,-0.0010222
79.91,-0.0010313
79.915,-0.001045
79.92,-0.0010654
79.925,-0.0010918
79.93,-0.0011224
79.935,-0.0011549
79.94,-0.0011855
79.945,-0.0012091
79.95,-0.0012264
79.955,-0.0012409
79.96,-0.0012531
79.965,-0.001263
79.97,-0.0012682
79.975,-0.0012694
79.98,-0.0012706
79.985,-0.001274
79.99,-0.0012812
79.995,-0.0012929
80,-0.001306
80.005,-0.0013156
80.01,-0.0013221
80.015,-0.0013281
80.02,-0.001331
80.025,-0.0013268
80.03,-0.0013163
80.035,-0.0013045
80.04,-0.0012953
80.045,-0.0012885
80.05,-0.0012826
80.055,-0.0012763
80.06,-0.0012698
80.065,-0.0012657
80.07,-0.0012652
80.075,-0.0012644
80.08,-0.0012554
80.085,-0.0012356
80.09,-0.0012073
80.095,-0.001173
80.1,-0.0011349
80.105,-0.0010961
80.11,-0.0010591
80.115,-0.0010244
80.12,-0.00099052
80.125,-0.00095693
80.13,-0.00092532
80.135,-0.00089682
80.14,-0.00087047
80.145,-0.00084269
80.15,-0.00081196
80.155,-0.0007789
80.16,-0.00074228
80.165,-0.00070068
80.17,-0.000654
80.175,-0.00060454
80.18,-0.00055497
80.185,-0.00050381
80.19,-0.00045037
80.195,-0.00039935
80.2,-0.00035544
80.205,-0.00031631
80.21,-0.00027775
80.215,-0.00024013
80.22,-0.00020642
80.225,-0.00017725
80.23,-0.00015035
80.235,-0.00012502
80.24,-0.00010101
80.245,-7.9994e-05
80.25,-6.4877e-05
80.255,-5.6622e-05
80.26,-5.3799e-05
80.265,-5.2941e-05
80.27,-5.1545e-05
80.275,-4.6771e-05
80.28,-3.7297e-05
80.285,-2.5467e-05
80.29,-1.6892e-05
80.295,-1.456e-05
80.3,-1.5602e-05
80.305,-1.6848e-05
80.31,-1.9061e-05
80.315,-2.6534e-05
80.32,-4.1453e-05
80.325,-6.1127e-05
80.33,-8.2125e-05
80.335,-0.0001013
80.34,-0.00011699
80.345,-0.00012802
80.35,-0.00013007
80.355,-0.00011783
80.36,-8.899e-05
80.365,-4.437e-05
80.37,1.1941e-05
80.375,7.3903e-05
80.38,0.00013799
80.385,0.00020346
80.39,0.00026899
80.395,0.00033141
80.4,0.00038563
80.405,0.00042898
80.41,0.00046339
80.415,0.00049126
80.42,0.00050996
80.425,0.00051372
80.43,0.00049702
80.435,0.00046111
80.44,0.00041393
80.445,0.00036134
80.45,0.00030373
80.455,0.00024171
80.46,0.00017928
80.465,0.00012207
80.47,7.3545e-05
80.475,3.2986e-05
80.48,-3.7547e-06
80.485,-4.2803e-05
80.49,-8.824e-05
80.495,-0.00013848
80.5,-0.00018908
80.505,-0.00023601
80.51,-0.00027694
80.515,-0.00031246
80.52,-0.00034162
80.525,-0.00036062
80.53,-0.00036677
80.535,-0.00036262
80.54,-0.00035252
80.545,-0.00033838
80.55,-0.00032139
80.555,-0.00030355
80.56,-0.00028683
80.565,-0.00027077
80.57,-0.00025231
80.575,-0.00023055
80.58,-0.00020899
80.585,-0.00018991
80.59,-0.00017238
80.595,-0.0001536
80.6,-0.00013285
80.605,-0.00011511
80.61,-0.00010822
80.615,-0.00011645
80.62,-0.00013729
80.625,-0.00016451
80.63,-0.00019546
80.635,-0.00023232
80.64,-0.0002762
80.645,-0.00032347
80.65,-0.00036809
80.655,-0.00040225
80.66,-0.00042076
80.665,-0.0004256
80.67,-0.00042556
80.675,-0.00042753
80.68,-0.00043164
80.685,-0.0004361
80.69,-0.00044172
80.695,-0.00045144
80.7,-0.00046686
80.705,-0.00048716
80.71,-0.00051035
80.715,-0.00053368
80.72,-0.00055574
80.725,-0.00057815
80.73,-0.00060341
80.735,-0.00063323
80.74,-0.00066634
80.745,-0.00070114
80.75,-0.0007361
80.755,-0.00077129
80.76,-0.00080846
80.765,-0.00084791
80.77,-0.00088682
80.775,-0.00092372
80.78,-0.00096097
80.785,-0.0010005
80.79,-0.0010437
80.795,-0.0010924
80.8,-0.0011465
80.805,-0.0012035
80.81,-0.0012588
80.815,-0.0013055
80.82,-0.0013394
80.825,-0.0013604
80.83,-0.0013728
80.835,-0.0013842
80.84,-0.0013996
80.845,-0.001419
80.85,-0.0014402
80.855,-0.0014621
80.86,-0.0014852
80.865,-0.0015108
80.87,-0.0015387
80.875,-0.0015654
80.88,-0.0015867
80.885,-0.0016007
80.89,-0.0016084
80.895,-0.0016103
80.9,-0.0016047
80.905,-0.0015896
80.91,-0.0015662
80.915,-0.0015377
80.92,-0.0015075
80.925,-0.0014784
80.93,-0.0014511
80.935,-0.0014239
80.94,-0.0013914
80.945,-0.0013493
80.95,-0.0013001
80.955,-0.0012512
80.96,-0.0012094
80.965,-0.0011763
80.97,-0.0011479
80.975,-0.0011193
80.98,-0.0010917
80.985,-0.0010718
80.99,-0.0010656
80.995,-0.0010725
81,-0.0011027
81.005,-0.0011142
81.01,-0.001122
81.015,-0.0011274
81.02,-0.0011316
81.025,-0.0011328
81.03,-0.0011263
81.035,-0.0011112
81.04,-0.0010909
81.045,-0.0010713
81.05,-0.001056
81.055,-0.0010433
81.06,-0.0010336
81.065,-0.0010292
81.07,-0.0010279
81.075,-0.0010238
81.08,-0.0010132
81.085,-0.00099379
81.09,-0.00096699
81.095,-0.00093541
81.1,-0.00090081
81.105,-0.00086446
81.11,-0.00082705
81.115,-0.000791
81.12,-0.00075887
81.125,-0.0007309
81.13,-0.0007048
81.135,-0.00067754
81.14,-0.0006499
81.145,-0.00062617
81.15,-0.00060673
81.155,-0.00058724
81.16,-0.00056385
81.165,-0.00053686
81.17,-0.00050803
81.175,-0.00047833
81.18,-0.00044695
81.185,-0.00041044
81.19,-0.00036607
81.195,-0.00031502
81.2,-0.00026153
81.205,-0.00021055
81.21,-0.00016335
81.215,-0.0001141
81.22,-5.7138e-05
81.225,7.3168e-06
81.23,7.548e-05
81.235,0.00014525
81.24,0.0002155
81.245,0.00028216
81.25,0.00033954
81.255,0.00038337
81.26,0.0004139
81.265,0.00043562
81.27,0.00045444
81.275,0.00047427
81.28,0.00049508
81.285,0.00051447
81.29,0.00053259
81.295,0.00055183
81.3,0.00057344
81.305,0.00059613
81.31,0.00062017
81.315,0.00064864
81.32,0.00068306
81.325,0.00072092
81.33,0.00075704
81.335,0.00078707
81.34,0.00081008
81.345,0.00082732
81.35,0.00084007
81.355,0.00084737
81.36,0.00084721
81.365,0.00084039
81.37,0.00083115
81.375,0.00082386
81.38,0.00082039
81.385,0.00081998
81.39,0.00082176
81.395,0.00082626
81.4,0.00083646
81.405,0.00085565
81.41,0.00088005
81.415,0.00090062
81.42,0.00090956
81.425,0.00090253
81.43,0.00088052
81.435,0.00084727
81.44,0.00080539
81.445,0.0007569
81.45,0.00070773
81.455,0.00066412
81.46,0.00062883
81.465,0.00060236
81.47,0.0005836
81.475,0.00056901
81.48,0.00055451
81.485,0.0005407
81.49,0.00053164
81.495,0.00052562
81.5,0.00051681
81.505,0.00050218
81.51,0.0004807
81.515,0.0004535
81.52,0.00042409
81.525,0.0003949
81.53,0.00036511
81.535,0.00033367
81.54,0.00030044
81.545,0.00026737
81.55,0.00023958
81.555,0.00022071
81.56,0.00021186
81.565,0.00021281
81.57,0.00022182
81.575,0.00023715
81.58,0.00025945
81.585,0.0002887
81.59,0.000319
81.595,0.0003439
81.6,0.00036113
81.605,0.00037293
81.61,0.00038302
81.615,0.00039071
81.62,0.00039465
81.625,0.00039798
81.63,0.00040592
81.635,0.0004197
81.64,0.00043776
81.645,0.00045729
81.65,0.00047428
81.655,0.00048785
81.66,0.00050291
81.665,0.0005243
81.67,0.00055183
81.675,0.00058388
81.68,0.00062145
81.685,0.00066367
81.69,0.00070691
81.695,0.00074866
81.7,0.00078867
81.705,0.00082667
81.71,0.00085978
81.715,0.00088502
81.72,0.00090194
81.725,0.00091247
81.73,0.00091993
81.735,0.00092819
81.74,0.00094014
81.745,0.00095568
81.75,0.00097357
81.755,0.00099267
81.76,0.0010142
81.765,0.0010387
81.77,0.0010635
81.775,0.0010864
81.78,0.0011047
81.785,0.0011149
81.79,0.0011139
81.795,0.0011019
81.8,0.001085
81.805,0.001069
81.81,0.0010539
81.815,0.0010382
81.82,0.0010235
81.825,0.0010129
81.83,0.0010062
81.835,0.001003
81.84,0.0010028
81.845,0.0010033
81.85,0.0010036
81.855,0.0010059
81.86,0.0010123
81.865,0.0010217
81.87,0.0010285
81.875,0.0010298
81.88,0.0010288
81.885,0.0010298
81.89,0.0010336
81.895,0.001037
81.9,0.0010355
81.905,0.0010298
81.91,0.0010231
81.915,0.0010168
81.92,0.0010133
81.925,0.0010139
81.93,0.0010178
81.935,0.0010229
81.94,0.0010302
81.945,0.0010408
81.95,0.0010526
81.955,0.0010639
81.96,0.001074
81.965,0.0010825
81.97,0.0010883
81.975,0.0010902
81.98,0.0010887
81.985,0.0010845
81.99,0.0010757
81.995,0.001061
82,0.0010403
82.005,0.001013
82.01,0.00097918
82.015,0.00094152
82.02,0.00090332
82.025,0.00086794
82.03,0.00083773
82.035,0.00081177
82.04,0.00078902
82.045,0.00076977
82.05,0.00075741
82.055,0.00075405
82.06,0.00075853
82.065,0.00076851
82.07,0.00078368
82.075,0.00080439
82.08,0.00082958
82.085,0.00085702
82.09,0.00088357
82.095,0.00091014
82.1,0.0009402
82.105,0.00097482
82.11,0.0010115
82.115,0.0010447
82.12,0.0010694
82.125,0.0010847
82.13,0.0010929
82.135,0.0010959
82.14,0.0010958
82.145,0.0010938
82.15,0.0010882
82.155,0.0010765
82.16,0.0010596
82.165,0.0010412
82.17,0.0010253
82.175,0.0010134
82.18,0.0010058
82.185,0.0010029
82.19,0.0010048
82.195,0.0010101
82.2,0.0010165
82.205,0.0010209
82.21,0.0010243
82.215,0.00103
82.22,0.001041
82.225,0.001056
82.23,0.0010702
82.235,0.0010813
82.24,0.0010926
82.245,0.0011071
82.25,0.001123
82.255,0.0011359
82.26,0.0011436
82.265,0.001147
82.27,0.0011497
82.275,0.0011533
82.28,0.0011562
82.285,0.001157
82.29,0.0011579
82.295,0.0011623
82.3,0.001171
82.305,0.0011821
82.31,0.0011956
82.315,0.0012103
82.32,0.0012233
82.325,0.0012286
82.33,0.0012204
82.335,0.0012004
82.34,0.0011765
82.345,0.0011542
82.35,0.0011335
82.355,0.0011123
82.36,0.0010889
82.365,0.0010664
82.37,0.0010496
82.375,0.0010405
82.38,0.0010366
82.385,0.0010339
82.39,0.0010296
82.395,0.0010243
82.4,0.0010196
82.405,0.0010168
82.41,0.0010159
82.415,0.0010169
82.42,0.0010192
82.425,0.0010212
82.43,0.0010194
82.435,0.0010125
82.44,0.0010015
82.445,0.00098811
82.45,0.000974
82.455,0.0009599
82.46,0.00094868
82.465,0.00094284
82.47,0.00094246
82.475,0.00094584
82.48,0.00095197
82.485,0.0009607
82.49,0.00097161
82.495,0.00098498
82.5,0.0010002
82.505,0.0010171
82.51,0.001035
82.515,0.0010539
82.52,0.0010735
82.525,0.0010915
82.53,0.0011068
82.535,0.0011196
82.54,0.0011268
82.545,0.0011234
82.55,0.0011077
82.555,0.0010831
82.56,0.0010559
82.565,0.0010308
82.57,0.0010087
82.575,0.00098942
82.58,0.00097354
82.585,0.00096048
82.59,0.00094847
82.595,0.00093701
82.6,0.00092651
82.605,0.00091641
82.61,0.00090485
82.615,0.00089029
82.62,0.00087152
82.625,0.0008475
82.63,0.00081989
82.635,0.00079375
82.64,0.00077265
82.645,0.00075805
82.65,0.00074889
82.655,0.00073893
82.66,0.0007222
82.665,0.00069875
82.67,0.00067126
82.675,0.00064064
82.68,0.00060411
82.685,0.00056006
82.69,0.00051001
82.695,0.00045704
82.7,0.00040616
82.705,0.00036143
82.71,0.00032418
82.715,0.00029368
82.72,0.00026719
82.725,0.00024272
82.73,0.00021947
82.735,0.00019622
82.74,0.00017253
82.745,0.0001483
82.75,0.00012358
82.755,9.986e-05
82.76,7.8209e-05
82.765,5.7164e-05
82.77,3.4796e-05
82.775,1.1271e-05
82.78,-1.4608e-05
82.785,-4.4674e-05
82.79,-7.78e-05
82.795,-0.00011167
82.8,-0.00014358
82.805,-0.00016949
82.81,-0.00018741
82.815,-0.00019809
82.82,-0.00020351
82.825,-0.00020671
82.83,-0.00021139
82.835,-0.00022169
82.84,-0.0002402
82.845,-0.0002647
82.85,-0.0002908
82.855,-0.00031503
82.86,-0.00033406
82.865,-0.00034523
82.87,-0.00034853
82.875,-0.00034648
82.88,-0.00034164
82.885,-0.00033526
82.89,-0.00033001
82.895,-0.00033085
82.9,-0.00033962
82.905,-0.00035331
82.91,-0.00036925
82.915,-0.00038721
82.92,-0.00040871
82.925,-0.00043274
82.93,-0.00045375
82.935,-0.00046624
82.94,-0.00046936
82.945,-0.00046371
82.95,-0.00044884
82.955,-0.00042565
82.96,-0.00039622
82.965,-0.00036253
82.97,-0.00032439
82.975,-0.00028015
82.98,-0.0002296
82.985,-0.00017599
82.99,-0.00012473
82.995,-7.8895e-05
83,-4.0267e-05
83.005,-1.1236e-05
83.01,5.8142e-06
83.015,1.0012e-05
83.02,2.2884e-06
83.025,-1.4525e-05
83.03,-3.6426e-05
83.035,-5.9983e-05
83.04,-8.4414e-05
83.045,-0.00010831
83.05,-0.00012822
83.055,-0.00013763
83.06,-0.00013446
83.065,-0.00012326
83.07,-0.00010981
83.075,-9.8531e-05
83.08,-9.3539e-05
83.085,-9.8557e-05
83.09,-0.00011475
83.095,-0.00013892
83.1,-0.00016374
83.105,-0.00018441
83.11,-0.00020157
83.115,-0.00021792
83.12,-0.00023328
83.125,-0.00024416
83.13,-0.00024943
83.135,-0.00025077
83.14,-0.00025089
83.145,-0.00025193
83.15,-0.00025449
83.155,-0.00026035
83.16,-0.0002711
83.165,-0.00028602
83.17,-0.00030204
83.175,-0.00031822
83.18,-0.00033648
83.185,-0.0003596
83.19,-0.00039009
83.195,-0.000427
83.2,-0.00046747
83.205,-0.00050975
83.21,-0.00055466
83.215,-0.000604
83.22,-0.00065611
83.225,-0.00070914
83.23,-0.00076391
83.235,-0.0008206
83.24,-0.00087907
83.245,-0.00093609
83.25,-0.00098973
83.255,-0.0010409
83.26,-0.0010894
83.265,-0.0011314
83.27,-0.0011636
83.275,-0.0011883
83.28,-0.0012107
83.285,-0.0012338
83.29,-0.0012566
83.295,-0.0012768
83.3,-0.0012935
83.305,-0.0013068
83.31,-0.0013176
83.315,-0.0013276
83.32,-0.0013382
83.325,-0.0013485
83.33,-0.0013563
83.335,-0.0013598
83.34,-0.0013593
83.345,-0.0013575
83.35,-0.0013574
83.355,-0.0013586
83.36,-0.0013601
83.365,-0.0013618
83.37,-0.0013652
83.375,-0.0013689
83.38,-0.0013683
83.385,-0.0013567
83.39,-0.0013328
83.395,-0.0013028
83.4,-0.0012729
83.405,-0.001245
83.41,-0.0012184
83.415,-0.0011917
83.42,-0.0011638
83.425,-0.0011374
83.43,-0.0011159
83.435,-0.0010975
83.44,-0.0010772
83.445,-0.001053
83.45,-0.0010269
83.455,-0.00099835
83.46,-0.00096509
83.465,-0.00092698
83.47,-0.00088813
83.475,-0.00085412
83.48,-0.00082725
83.485,-0.00080619
83.49,-0.00078675
83.495,-0.00076513
83.5,-0.00074155
83.505,-0.00071982
83.51,-0.00070238
83.515,-0.00068921
83.52,-0.00067971
83.525,-0.00067365
83.53,-0.00066931
83.535,-0.00066276
83.54,-0.00065172
83.545,-0.00063651
83.55,-0.0006183
83.555,-0.00059617
83.56,-0.00056922
83.565,-0.00053636
83.57,-0.0004962
83.575,-0.00045012
83.58,-0.00040208
83.585,-0.0003584
83.59,-0.00032376
83.595,-0.00029812
83.6,-0.00027838
83.605,-0.00026239
83.61,-0.00024953
83.615,-0.00023917
83.62,-0.00023063
83.625,-0.00022205
83.63,-0.00021076
83.635,-0.00019595
83.64,-0.00017882
83.645,-0.00016163
83.65,-0.00014653
83.655,-0.00013398
83.66,-0.00012147
83.665,-0.00010599
83.67,-8.7799e-05
83.675,-6.9903e-05
83.68,-5.4373e-05
83.685,-4.1312e-05
83.69,-3.0345e-05
83.695,-2.252e-05
83.7,-1.9118e-05
83.705,-1.9943e-05
83.71,-2.5426e-05
83.715,-3.5264e-05
83.72,-4.6021e-05
83.725,-5.6129e-05
83.73,-6.9489e-05
83.735,-8.8904e-05
83.74,-0.00011237
83.745,-0.00013427
83.75,-0.00015006
83.755,-0.0001591
83.76,-0.00016452
83.765,-0.0001674
83.77,-0.00016641
83.775,-0.00016217
83.78,-0.00015505
83.785,-0.00014532
83.79,-0.00013338
83.795,-0.00011909
83.8,-0.00010237
83.805,-8.4059e-05
83.81,-6.6825e-05
83.815,-5.2582e-05
83.82,-4.1084e-05
83.825,-3.0946e-05
83.83,-2.0566e-05
83.835,-1.1308e-05
83.84,-7.693e-06
83.845,-9.7678e-06
83.85,-1.3169e-05
83.855,-1.3896e-05
83.86,-1.083e-05
83.865,-6.1213e-06
83.87,-2.8831e-06
83.875,-1.4194e-06
83.88,-6.4688e-07
83.885,-8.2466e-07
83.89,-1.5799e-06
83.895,-1.5727e-06
83.9,5.7581e-07
83.905,4.8026e-06
83.91,9.5981e-06
83.915,1.411e-05
83.92,1.9221e-05
83.925,2.6345e-05
83.93,3.4133e-05
83.935,4.1628e-05
83.94,5.0832e-05
83.945,6.3216e-05
83.95,7.5285e-05
83.955,8.1297e-05
83.96,8.0708e-05
83.965,7.59e-05
83.97,6.6998e-05
83.975,5.2405e-05
83.98,3.2197e-05
83.985,7.6744e-06
83.99,-2.0035e-05
83.995,-4.9617e-05
84,-8.0241e-05
84.005,-0.00011047
84.01,-0.00013861
84.015,-0.0001622
84.02,-0.00017799
84.025,-0.00018759
84.03,-0.00019481
84.035,-0.00020179
84.04,-0.00020856
84.045,-0.00021413
84.05,-0.00021833
84.055,-0.00022139
84.06,-0.00022492
84.065,-0.00023206
84.07,-0.00024472
84.075,-0.00026236
84.08,-0.00028314
84.085,-0.00030508
84.09,-0.00032676
84.095,-0.00034679
84.1,-0.00036402
84.105,-0.00037834
84.11,-0.00039128
84.115,-0.00040394
84.12,-0.00041672
84.125,-0.00042947
84.13,-0.00044243
84.135,-0.00045405
84.14,-0.0004617
84.145,-0.00046531
84.15,-0.0004658
84.155,-0.00046423
84.16,-0.00046145
84.165,-0.00045727
84.17,-0.00045192
84.175,-0.00044597
84.18,-0.00044052
84.185,-0.0004375
84.19,-0.00043897
84.195,-0.00044602
84.2,-0.00045547
84.205,-0.00046178
84.21,-0.00046313
84.215,-0.00046113
84.22,-0.00045718
84.225,-0.0004523
84.23,-0.00044651
84.235,-0.00043836
84.24,-0.00042749
84.245,-0.00041271
84.25,-0.00039306
84.255,-0.00036945
84.26,-0.00034328
84.265,-0.00031627
84.27,-0.00029155
84.275,-0.00027173
84.28,-0.00025651
84.285,-0.00024313
84.29,-0.00023097
84.295,-0.00022193
84.3,-0.00021885
84.305,-0.00022304
84.31,-0.00023315
84.315,-0.00024747
84.32,-0.00026254
84.325,-0.00027333
84.33,-0.0002761
84.335,-0.00026858
84.34,-0.00025145
84.345,-0.00022788
84.35,-0.00020215
84.355,-0.00017695
84.36,-0.00015221
84.365,-0.00012819
84.37,-0.00010718
84.375,-9.0988e-05
84.38,-7.9064e-05
84.385,-7.0355e-05
84.39,-6.3829e-05
84.395,-5.6997e-05
84.4,-4.7961e-05
84.405,-3.758e-05
84.41,-2.8541e-05
84.415,-2.2104e-05
84.42,-1.8225e-05
84.425,-1.8038e-05
84.43,-2.2399e-05
84.435,-3.059e-05
84.44,-3.9395e-05
84.445,-4.7011e-05
84.45,-5.463e-05
84.455,-6.3387e-05
84.46,-7.2422e-05
84.465,-7.9802e-05
84.47,-8.5578e-05
84.475,-9.0852e-05
84.48,-9.5726e-05
84.485,-9.9356e-05
84.49,-0.00010043
84.495,-9.7645e-05
84.5,-8.915e-05
84.505,-7.3909e-05
84.51,-5.1708e-05
84.515,-2.4628e-05
84.52,3.45e-06
84.525,2.9921e-05
84.53,5.5356e-05
84.535,7.9735e-05
84.54,0.00010049
84.545,0.00011733
84.55,0.00013141
84.555,0.00014464
84.56,0.00015856
84.565,0.00017277
84.57,0.00018748
84.575,0.00020197
84.58,0.00021365
84.585,0.00022113
84.59,0.00022636
84.595,0.00023205
84.6,0.00023797
84.605,0.00024197
84.61,0.00024371
84.615,0.00024541
84.62,0.00025096
84.625,0.00026341
84.63,0.00028363
84.635,0.00031075
84.64,0.00034285
84.645,0.00037694
84.65,0.0004105
84.655,0.00044235
84.66,0.00047338
84.665,0.0005047
84.67,0.00053615
84.675,0.00056538
84.68,0.00059093
84.685,0.00061614
84.69,0.00064417
84.695,0.00067349
84.7,0.00070152
84.705,0.00072829
84.71,0.00075643
84.715,0.00078607
84.72,0.00081509
84.725,0.000843
84.73,0.00087049
84.735,0.00089868
84.74,0.00092805
84.745,0.00095746
84.75,0.000986
84.755,0.0010133
84.76,0.0010401
84.765,0.0010673
84.77,0.0010949
84.775,0.0011207
84.78,0.0011423
84.785,0.0011582
84.79,0.0011668
84.795,0.0011693
84.8,0.0011687
84.805,0.0011675
84.81,0.0011671
84.815,0.0011677
84.82,0.001171
84.825,0.001181
84.83,0.0011989
84.835,0.0012199
84.84,0.0012392
84.845,0.0012568
84.85,0.001274
84.855,0.0012898
84.86,0.0013026
84.865,0.0013113
84.87,0.0013159
84.875,0.0013166
84.88,0.001313
84.885,0.0013052
84.89,0.0012937
84.895,0.0012797
84.9,0.0012646
84.905,0.0012482
84.91,0.0012295
84.915,0.0012105
84.92,0.0011941
84.925,0.0011812
84.93,0.0011715
84.935,0.0011644
84.94,0.0011589
84.945,0.0011534
84.95,0.0011454
84.955,0.0011323
84.96,0.001113
84.965,0.001087
84.97,0.0010536
84.975,0.0010125
84.98,0.0009662
84.985,0.0009164
84.99,0.00086436
84.995,0.00081345
85,0.0007685
85.005,0.0007324
85.01,0.00070433
85.015,0.00068169
85.02,0.00066134
85.025,0.00063992
85.03,0.00061395
85.035,0.00058001
85.04,0.00053866
85.045,0.00049315
85.05,0.00044666
85.055,0.00040132
85.06,0.0003588
85.065,0.00031847
85.07,0.0002773
85.075,0.00023412
85.08,0.00019028
85.085,0.00014768
85.09,0.00010766
85.095,7.0688e-05
85.1,3.6508e-05
85.105,5.4453e-06
85.11,-2.1217e-05
85.115,-4.1297e-05
85.12,-5.3689e-05
85.125,-5.9986e-05
85.13,-6.3104e-05
85.135,-6.5687e-05
85.14,-6.9213e-05
85.145,-7.5e-05
85.15,-8.3939e-05
85.155,-9.6802e-05
85.16,-0.0001145
85.165,-0.0001365
85.17,-0.00015939
85.175,-0.00017912
85.18,-0.00019326
85.185,-0.00020236
85.19,-0.00020806
85.195,-0.00021144
85.2,-0.00021333
85.205,-0.00021403
85.21,-0.00021391
85.215,-0.00021384
85.22,-0.00021471
85.225,-0.00021742
85.23,-0.00022224
85.235,-0.00022715
85.24,-0.00022941
85.245,-0.00022701
85.25,-0.00022011
85.255,-0.00021134
85.26,-0.00020354
85.265,-0.00019791
85.27,-0.00019524
85.275,-0.00019507
85.28,-0.00019501
85.285,-0.00019272
85.29,-0.00018771
85.295,-0.00017958
85.3,-0.00016858
85.305,-0.00015673
85.31,-0.00014618
85.315,-0.00013716
85.32,-0.0001297
85.325,-0.00012424
85.33,-0.00012104
85.335,-0.00012048
85.34,-0.00012254
85.345,-0.00012508
85.35,-0.00012538
85.355,-0.00012198
85.36,-0.00011578
85.365,-0.0001089
85.37,-0.00010194
85.375,-9.315e-05
85.38,-8.1486e-05
85.385,-6.8362e-05
85.39,-5.6131e-05
85.395,-4.5758e-05
85.4,-3.7477e-05
85.405,-3.2018e-05
85.41,-2.9911e-05
85.415,-3.1441e-05
85.42,-3.7291e-05
85.425,-4.7842e-05
85.43,-6.263e-05
85.435,-7.9413e-05
85.44,-9.4866e-05
85.445,-0.00010613
85.45,-0.00011188
85.455,-0.00011271
85.46,-0.00010918
85.465,-0.00010191
85.47,-9.1573e-05
85.475,-7.8649e-05
85.48,-6.409e-05
85.485,-4.8898e-05
85.49,-3.5507e-05
85.495,-2.6673e-05
85.5,-2.3148e-05
85.505,-2.3836e-05
85.51,-2.728e-05
85.515,-3.132e-05
85.52,-3.4625e-05
85.525,-3.7371e-05
85.53,-3.9773e-05
85.535,-4.2074e-05
85.54,-4.5609e-05
85.545,-5.1276e-05
85.55,-5.8171e-05
85.555,-6.4713e-05
85.56,-7.0899e-05
85.565,-7.7429e-05
85.57,-8.2338e-05
85.575,-8.3248e-05
85.58,-8.044e-05
85.585,-7.6143e-05
85.59,-7.2873e-05
85.595,-7.1196e-05
85.6,-6.9977e-05
85.605,-6.8244e-05
85.61,-6.6245e-05
85.615,-6.4239e-05
85.62,-6.1913e-05
85.625,-5.8509e-05
85.63,-5.3125e-05
85.635,-4.6587e-05
85.64,-4.1274e-05
85.645,-3.9409e-05
85.65,-4.0747e-05
85.655,-4.3373e-05
85.66,-4.6249e-05
85.665,-4.8158e-05
85.67,-4.6827e-05
85.675,-4.1935e-05
85.68,-3.4245e-05
85.685,-2.4248e-05
85.69,-1.2071e-05
85.695,1.9215e-06
85.7,1.8243e-05
85.705,3.8166e-05
85.71,6.0499e-05
85.715,8.258e-05
85.72,0.00010272
85.725,0.00011989
85.73,0.00013208
85.735,0.00013738
85.74,0.00013441
85.745,0.00012286
85.75,0.00010439
85.755,8.1811e-05
85.76,5.7978e-05
85.765,3.4865e-05
85.77,1.4411e-05
85.775,-7.6782e-07
85.78,-9.8472e-06
85.785,-1.4695e-05
85.79,-1.6881e-05
85.795,-1.6919e-05
85.8,-1.4401e-05
85.805,-9.8902e-06
85.81,-5.9023e-06
85.815,-4.4612e-06
85.82,-5.9393e-06
85.825,-9.2715e-06
85.83,-1.2633e-05
85.835,-1.5794e-05
85.84,-1.8542e-05
85.845,-1.9559e-05
85.85,-1.9383e-05
85.855,-1.919e-05
85.86,-1.8837e-05
85.865,-1.8154e-05
85.87,-1.8068e-05
85.875,-2.0042e-05
85.88,-2.4732e-05
85.885,-3.1903e-05
85.89,-4.0618e-05
85.895,-5.0081e-05
85.9,-5.8891e-05
85.905,-6.5933e-05
85.91,-7.0918e-05
85.915,-7.3383e-05
85.92,-7.2642e-05
85.925,-6.9297e-05
85.93,-6.5436e-05
85.935,-6.2896e-05
85.94,-6.2902e-05
85.945,-6.5227e-05
85.95,-6.8672e-05
85.955,-7.2721e-05
85.96,-7.8257e-05
85.965,-8.6274e-05
85.97,-9.6167e-05
85.975,-0.00010681
85.98,-0.00011738
85.985,-0.00012715
85.99,-0.00013596
85.995,-0.00014313
86,-0.00014742
86.005,-0.00014862
86.01,-0.00014763
86.015,-0.00014496
86.02,-0.00014005
86.025,-0.00013331
86.03,-0.00012669
86.035,-0.00012273
86.04,-0.00012156
86.045,-0.00012173
86.05,-0.0001227
86.055,-0.00012533
86.06,-0.00013079
86.065,-0.00014001
86.07,-0.000153
86.075,-0.0001677
86.08,-0.00018178
86.085,-0.00019454
86.09,-0.00020631
86.095,-0.00021718
86.1,-0.00022614
86.105,-0.00023272
86.11,-0.00023683
86.115,-0.00023858
86.12,-0.00023801
86.125,-0.00023601
86.13,-0.0002337
86.135,-0.00023252
86.14,-0.00023351
86.145,-0.00023675
86.15,-0.00024172
86.155,-0.00024684
86.16,-0.00024982
86.165,-0.0002493
86.17,-0.00024547
86.175,-0.00024
86.18,-0.00023416
86.185,-0.00022809
86.19,-0.00022208
86.195,-0.00021738
86.2,-0.00021426
86.205,-0.0002121
86.21,-0.00021116
86.215,-0.00021256
86.22,-0.00021639
86.225,-0.00022121
86.23,-0.00022582
86.235,-0.00022978
86.24,-0.00023311
86.245,-0.00023595
86.25,-0.0002384
86.255,-0.00024026
86.26,-0.00024152
86.265,-0.00024297
86.27,-0.00024526
86.275,-0.00024793
86.28,-0.00025031
86.285,-0.00025307
86.29,-0.00025651
86.295,-0.00025997
86.3,-0.00026248
86.305,-0.00026267
86.31,-0.00025931
86.315,-0.00025317
86.32,-0.00024689
86.325,-0.00024218
86.33,-0.00023887
86.335,-0.00023612
86.34,-0.00023371
86.345,-0.00023132
86.35,-0.00022877
86.355,-0.0002261
86.36,-0.00022339
86.365,-0.00022081
86.37,-0.00021831
86.375,-0.00021605
86.38,-0.00021447
86.385,-0.0002139
86.39,-0.00021458
86.395,-0.00021661
86.4,-0.00021983
86.405,-0.00022405
86.41,-0.00022895
86.415,-0.00023417
86.42,-0.00023924
86.425,-0.00024338
86.43,-0.0002461
86.435,-0.00024742
86.44,-0.00024733
86.445,-0.00024602
86.45,-0.00024391
86.455,-0.00024185
86.46,-0.00024024
86.465,-0.00023849
86.47,-0.00023649
86.475,-0.00023413
86.48,-0.00023115
86.485,-0.00022734
86.49,-0.00022248
86.495,-0.00021679
86.5,-0.00021034
86.505,-0.0002026
86.51,-0.00019354
86.515,-0.00018438
86.52,-0.00017721
86.525,-0.00017304
86.53,-0.00017097
86.535,-0.00016982
86.54,-0.00016958
86.545,-0.0001706
86.55,-0.00017226
86.555,-0.00017283
86.56,-0.0001714
86.565,-0.00016874
86.57,-0.00016604
86.575,-0.00016377
86.58,-0.00016159
86.585,-0.00015836
86.59,-0.0001531
86.595,-0.00014632
86.6,-0.00014005
86.605,-0.00013593
86.61,-0.000134
86.615,-0.0001333
86.62,-0.00013281
86.625,-0.00013218
86.63,-0.00013099
86.635,-0.00012886
86.64,-0.00012552
86.645,-0.00012076
86.65,-0.00011479
86.655,-0.00010829
86.66,-0.00010179
86.665,-9.5619e-05
86.67,-9.0201e-05
86.675,-8.584e-05
86.68,-8.2687e-05
86.685,-8.0469e-05
86.69,-7.8348e-05
86.695,-7.4927e-05
86.7,-6.958e-05
86.705,-6.3126e-05
86.71,-5.7307e-05
86.715,-5.352e-05
86.72,-5.1233e-05
86.725,-4.8782e-05
86.73,-4.5601e-05
86.735,-4.1916e-05
86.74,-3.8028e-05
86.745,-3.4352e-05
86.75,-3.1093e-05
86.755,-2.7771e-05
86.76,-2.3666e-05
86.765,-1.8652e-05
86.77,-1.3131e-05
86.775,-7.7034e-06
86.78,-3.8034e-06
86.785,-2.511e-06
86.79,-3.2299e-06
86.795,-4.9323e-06
86.8,-6.6191e-06
86.805,-7.5023e-06
86.81,-7.7724e-06
86.815,-7.7276e-06
86.82,-6.829e-06
86.825,-4.1794e-06
86.83,6.1345e-07
86.835,6.9328e-06
86.84,1.4029e-05
86.845,2.0998e-05
86.85,2.7028e-05
86.855,3.1536e-05
86.86,3.3859e-05
86.865,3.382e-05
86.87,3.2321e-05
86.875,3.067e-05
86.88,2.9763e-05
86.885,2.9771e-05
86.89,3.0753e-05
86.895,3.2681e-05
86.9,3.5238e-05
86.905,3.7828e-05
86.91,3.9613e-05
86.915,4.0064e-05
86.92,3.9631e-05
86.925,3.904e-05
86.93,3.8395e-05
86.935,3.7757e-05
86.94,3.7264e-05
86.945,3.6819e-05
86.95,3.6276e-05
86.955,3.5061e-05
86.96,3.2165e-05
86.965,2.7117e-05
86.97,2.0169e-05
86.975,1.1377e-05
86.98,1.0258e-06
86.985,-1.0361e-05
86.99,-2.261e-05
86.995,-3.5385e-05
87,-4.7774e-05
87.005,-5.8954e-05
87.01,-6.8648e-05
87.015,-7.681e-05
87.02,-8.3268e-05
87.025,-8.8349e-05
87.03,-9.3035e-05
87.035,-9.8452e-05
87.04,-0.00010501
87.045,-0.00011222
87.05,-0.00011922
87.055,-0.00012546
87.06,-0.00013158
87.065,-0.00013832
87.07,-0.00014512
87.075,-0.00015182
87.08,-0.0001591
87.085,-0.00016729
87.09,-0.00017626
87.095,-0.00018595
87.1,-0.00019562
87.105,-0.00020409
87.11,-0.00021042
87.115,-0.00021395
87.12,-0.00021468
87.125,-0.00021285
87.13,-0.00020887
87.135,-0.00020297
87.14,-0.00019507
87.145,-0.00018539
87.15,-0.00017456
87.155,-0.00016328
87.16,-0.0001521
87.165,-0.00014147
87.17,-0.00013184
87.175,-0.00012355
87.18,-0.00011665
87.185,-0.000111
87.19,-0.00010659
87.195,-0.00010348
87.2,-0.00010159
87.205,-0.00010098
87.21,-0.00010209
87.215,-0.00010508
87.22,-0.00010965
87.225,-0.00011499
87.23,-0.00012023
87.235,-0.0001247
87.24,-0.00012791
87.245,-0.00012965
87.25,-0.00012987
87.255,-0.00012876
87.26,-0.00012656
87.265,-0.00012347
87.27,-0.00011999
87.275,-0.00011659
87.28,-0.00011358
87.285,-0.00011153
87.29,-0.0001107
87.295,-0.00011087
87.3,-0.00011165
87.305,-0.00011284
87.31,-0.00011416
87.315,-0.00011521
87.32,-0.00011551
87.325,-0.00011485
87.33,-0.00011327
87.335,-0.00011085
87.34,-0.00010775
87.345,-0.00010409
87.35,-9.9765e-05
87.355,-9.4716e-05
87.36,-8.9215e-05
87.365,-8.3914e-05
87.37,-7.9119e-05
87.375,-7.4422e-05
87.38,-6.917e-05
87.385,-6.336e-05
87.39,-5.7597e-05
87.395,-5.2308e-05
87.4,-4.7557e-05
87.405,-4.3491e-05
87.41,-4.0479e-05
87.415,-3.8669e-05
87.42,-3.781e-05
87.425,-3.7533e-05
87.43,-3.7698e-05
87.435,-3.8262e-05
87.44,-3.9156e-05
87.445,-4.0184e-05
87.45,-4.107e-05
87.455,-4.1585e-05
87.46,-4.1536e-05
87.465,-4.1045e-05
87.47,-4.0478e-05
87.475,-4.0202e-05
87.48,-4.0449e-05
87.485,-4.1466e-05
87.49,-4.3614e-05
87.495,-4.696e-05
87.5,-5.1293e-05
87.505,-5.6287e-05
87.51,-6.1439e-05
87.515,-6.5946e-05
87.52,-6.927e-05
87.525,-7.1496e-05
87.53,-7.2661e-05
87.535,-7.2558e-05
87.54,-7.113e-05
87.545,-6.8771e-05
87.55,-6.6225e-05
87.555,-6.3942e-05
87.56,-6.2117e-05
87.565,-6.0847e-05
87.57,-5.9965e-05
87.575,-5.9172e-05
87.58,-5.8225e-05
87.585,-5.7092e-05
87.59,-5.5963e-05
87.595,-5.5137e-05
87.6,-5.4805e-05
87.605,-5.4847e-05
87.61,-5.4976e-05
87.615,-5.4968e-05
87.62,-5.4837e-05
87.625,-5.4591e-05
87.63,-5.4115e-05
87.635,-5.3313e-05
87.64,-5.1968e-05
87.645,-4.9895e-05
87.65,-4.7195e-05
87.655,-4.4175e-05
87.66,-4.1044e-05
87.665,-3.8064e-05
87.67,-3.5481e-05
87.675,-3.3283e-05
87.68,-3.1355e-05
87.685,-2.971e-05
87.69,-2.843e-05
87.695,-2.7333e-05
87.7,-2.5898e-05
87.705,-2.3538e-05
87.71,-2.0177e-05
87.715,-1.6448e-05
87.72,-1.2921e-05
87.725,-9.6488e-06
87.73,-6.4837e-06
87.735,-3.3783e-06
87.74,-3.85e-07
87.745,2.4909e-06
87.75,5.1875e-06
87.755,7.4873e-06
87.76,9.2917e-06
87.765,1.0907e-05
87.77,1.2841e-05
87.775,1.5277e-05
87.78,1.7821e-05
87.785,1.988e-05
87.79,2.1316e-05
87.795,2.2584e-05
87.8,2.419e-05
87.805,2.622e-05
87.81,2.854e-05
87.815,3.1002e-05
87.82,3.3662e-05
87.825,3.6822e-05
87.83,4.0488e-05
87.835,4.4212e-05
87.84,4.7635e-05
87.845,5.0601e-05
87.85,5.3088e-05
87.855,5.503e-05
87.86,5.6351e-05
87.865,5.7012e-05
87.87,5.707e-05
87.875,5.6761e-05
87.88,5.6411e-05
87.885,5.6197e-05
87.89,5.6128e-05
87.895,5.6146e-05
87.9,5.6171e-05
87.905,5.6286e-05
87.91,5.6732e-05
87.915,5.7639e-05
87.92,5.8869e-05
87.925,6.0157e-05
87.93,6.1366e-05
87.935,6.2608e-05
87.94,6.4079e-05
87.945,6.5833e-05
87.95,6.7647e-05
87.955,6.9202e-05
87.96,7.0272e-05
87.965,7.0818e-05
87.97,7.089e-05
87.975,7.0629e-05
87.98,7.0106e-05
87.985,6.926e-05
87.99,6.8159e-05
87.995,6.6931e-05
88,6.5743e-05
88.005,6.4736e-05
88.01,6.3967e-05
88.015,6.3557e-05
88.02,6.3628e-05
88.025,6.4222e-05
88.03,6.5216e-05
88.035,6.6301e-05
88.04,6.7119e-05
88.045,6.7518e-05
88.05,6.7652e-05
88.055,6.7721e-05
88.06,6.7719e-05
88.065,6.7487e-05
88.07,6.6844e-05
88.075,6.5756e-05
88.08,6.4401e-05
88.085,6.3064e-05
88.09,6.1929e-05
88.095,6.0975e-05
88.1,6.0084e-05
88.105,5.9235e-05
88.11,5.8499e-05
88.115,5.7956e-05
88.12,5.7693e-05
88.125,5.7847e-05
88.13,5.8465e-05
88.135,5.945e-05
88.14,6.0609e-05
88.145,6.1713e-05
88.15,6.2682e-05
88.155,6.3487e-05
88.16,6.4026e-05
88.165,6.4134e-05
88.17,6.3652e-05
88.175,6.2584e-05
88.18,6.1104e-05
88.185,5.9409e-05
88.19,5.7612e-05
88.195,5.5749e-05
88.2,5.3894e-05
88.205,5.2112e-05
88.21,5.0395e-05
88.215,4.8748e-05
88.22,4.7185e-05
88.225,4.5735e-05
88.23,4.4355e-05
88.235,4.3048e-05
88.24,4.1835e-05
88.245,4.0747e-05
88.25,3.9851e-05
88.255,3.9133e-05
88.26,3.8549e-05
88.265,3.804e-05
88.27,3.7523e-05
88.275,3.6924e-05
88.28,3.6163e-05
88.285,3.5154e-05
88.29,3.3897e-05
88.295,3.2471e-05
88.3,3.0925e-05
88.305,2.9307e-05
88.31,2.769e-05
88.315,2.6214e-05
88.32,2.5023e-05
88.325,2.4133e-05
88.33,2.3443e-05
88.335,2.2845e-05
88.34,2.2321e-05
88.345,2.1882e-05
88.35,2.1522e-05
88.355,2.1246e-05
88.36,2.1081e-05
88.365,2.1074e-05
88.37,2.1218e-05
88.375,2.1443e-05
88.38,2.1691e-05
88.385,2.1986e-05
88.39,2.2305e-05
88.395,2.2533e-05
88.4,2.2636e-05
88.405,2.2652e-05
88.41,2.2594e-05
88.415,2.2488e-05
88.42,2.2348e-05
88.425,2.2133e-05
88.43,2.1842e-05
88.435,2.1523e-05
88.44,2.1228e-05
88.445,2.0967e-05
88.45,2.0741e-05
88.455,2.0581e-05
88.46,2.0509e-05
88.465,2.0569e-05
88.47,2.0792e-05
88.475,2.1175e-05
88.48,2.1697e-05
88.485,2.2288e-05
88.49,2.2903e-05
88.495,2.3524e-05
88.5,2.4117e-05
88.505,2.4632e-05
88.51,2.5021e-05
88.515,2.5249e-05
88.52,2.5318e-05
88.525,2.526e-05
88.53,2.5072e-05
88.535,2.4747e-05
88.54,2.4311e-05
88.545,2.3862e-05
88.55,2.3535e-05
88.555,2.339e-05
88.56,2.3411e-05
88.565,2.3582e-05
88.57,2.3858e-05
88.575,2.4178e-05
88.58,2.4525e-05
88.585,2.4873e-05
88.59,2.5176e-05
88.595,2.5386e-05
88.6,2.5465e-05
88.605,2.5412e-05
88.61,2.5258e-05
88.615,2.505e-05
88.62,2.4831e-05
88.625,2.4642e-05
88.63,2.451e-05
88.635,2.4416e-05
88.64,2.4314e-05
88.645,2.4186e-05
88.65,2.4039e-05
88.655,2.3857e-05
88.66,2.3613e-05
88.665,2.3289e-05
88.67,2.2915e-05
88.675,2.2547e-05
88.68,2.2202e-05
88.685,2.1854e-05
88.69,2.1471e-05
88.695,2.1067e-05
88.7,2.0695e-05
88.705,2.0381e-05
88.71,2.0086e-05
88.715,1.9778e-05
88.72,1.9484e-05
88.725,1.9221e-05
88.73,1.8947e-05
88.735,1.8599e-05
88.74,1.8164e-05
88.745,1.7648e-05
88.75,1.7037e-05
88.755,1.6324e-05
88.76,1.5544e-05
88.765,1.4759e-05
88.77,1.4007e-05
88.775,1.3317e-05
88.78,1.2712e-05
88.785,1.2176e-05
88.79,1.1676e-05
88.795,1.1201e-05
88.8,1.0784e-05
88.805,1.0453e-05
88.81,1.0217e-05
88.815,1.0071e-05
88.82,9.9848e-06
88.825,9.9204e-06
88.83,9.8667e-06
88.835,9.8244e-06
88.84,9.8021e-06
88.845,9.8024e-06
88.85,9.807e-06
88.855,9.7794e-06
88.86,9.7035e-06
88.865,9.5808e-06
88.87,9.4237e-06
88.875,9.2668e-06
88.88,9.1277e-06
88.885,9.0196e-06
88.89,8.9668e-06
88.895,8.9708e-06
88.9,9.0145e-06
88.905,9.0749e-06
88.91,9.1422e-06
88.915,9.2169e-06
88.92,9.3024e-06
88.925,9.3984e-06
88.93,9.4952e-06
88.935,9.5758e-06
88.94,9.6278e-06
88.945,9.6532e-06
88.95,9.659e-06
88.955,9.6453e-06
88.96,9.6074e-06
88.965,9.5476e-06
88.97,9.4778e-06
88.975,9.3945e-06
88.98,9.2954e-06
88.985,9.1944e-06
88.99,9.0991e-06
88.995,9.014e-06
89,8.9499e-06
89.005,8.9142e-06
89.01,8.8964e-06
89.015,8.8911e-06
89.02,8.9084e-06
89.025,8.9492e-06
89.03,8.999e-06
89.035,9.0361e-06
89.04,9.0426e-06
89.045,9.0211e-06
89.05,8.9881e-06
89.055,8.9554e-06
89.06,8.9137e-06
89.065,8.8464e-06
89.07,8.7479e-06
89.075,8.6242e-06
89.08,8.4874e-06
89.085,8.3451e-06
89.09,8.2069e-06
89.095,8.0807e-06
89.1,7.9642e-06
89.105,7.8499e-06
89.11,7.7341e-06
89.115,7.6206e-06
89.12,7.514e-06
89.125,7.4163e-06
89.13,7.324e-06
89.135,7.2296e-06
89.14,7.1279e-06
89.145,7.0183e-06
89.15,6.9e-06
89.155,6.7747e-06
89.16,6.6486e-06
89.165,6.5322e-06
89.17,6.4345e-06
89.175,6.3597e-06
89.18,6.3092e-06
89.185,6.2805e-06
89.19,6.2654e-06
89.195,6.2544e-06
89.2,6.24e-06
89.205,6.2164e-06
89.21,6.1802e-06
89.215,6.1301e-06
89.22,6.0684e-06
89.225,5.997e-06
89.23,5.9188e-06
89.235,5.839e-06
89.24,5.7622e-06
89.245,5.6905e-06
89.25,5.623e-06
89.255,5.5579e-06
89.26,5.4901e-06
89.265,5.4139e-06
89.27,5.3286e-06
89.275,5.2385e-06
89.28,5.1488e-06
89.285,5.0593e-06
89.29,4.9687e-06
89.295,4.88e-06
89.3,4.7964e-06
89.305,4.7191e-06
89.31,4.645e-06
89.315,4.5713e-06
89.32,4.5002e-06
89.325,4.4353e-06
89.33,4.3767e-06
89.335,4.3232e-06
89.34,4.2747e-06
89.345,4.2318e-06
89.35,4.1935e-06
89.355,4.1586e-06
89.36,4.1258e-06
89.365,4.095e-06
89.37,4.0662e-06
89.375,4.0371e-06
89.38,4.0043e-06
89.385,3.9667e-06
89.39,3.9267e-06
89.395,3.885e-06
89.4,3.8404e-06
89.405,3.7931e-06
89.41,3.7463e-06
89.415,3.7024e-06
89.42,3.6614e-06
89.425,3.6213e-06
89.43,3.5813e-06
89.435,3.5409e-06
89.44,3.4993e-06
89.445,3.4552e-06
89.45,3.4076e-06
89.455,3.3571e-06
89.46,3.3056e-06
89.465,3.2544e-06
89.47,3.2042e-06
89.475,3.1546e-06
89.48,3.1051e-06
89.485,3.0552e-06
89.49,3.0048e-06
89.495,2.9535e-06
89.5,2.9011e-06
89.505,2.8478e-06
89.51,2.7951e-06
89.515,2.7437e-06
89.52,2.693e-06
89.525,2.6426e-06
89.53,2.5922e-06
89.535,2.5415e-06
89.54,2.4908e-06
89.545,2.4401e-06
89.55,2.3893e-06
89.555,2.3384e-06
89.56,2.2876e-06
89.565,2.2374e-06
89.57,2.1881e-06
89.575,2.1399e-06
89.58,2.0923e-06
89.585,2.0456e-06
89.59,1.9998e-06
89.595,1.9546e-06
89.6,1.9095e-06
89.605,1.8642e-06
89.61,1.8186e-06
89.615,1.773e-06
89.62,1.7276e-06
89.625,1.6822e-06
89.63,1.6362e-06
89.635,1.5897e-06
89.64,1.543e-06
89.645,1.4967e-06
89.65,1.451e-06
89.655,1.4059e-06
89.66,1.3612e-06
89.665,1.3168e-06
89.67,1.2727e-06
89.675,1.229e-06
89.68,1.1859e-06
89.685,1.1435e-06
89.69,1.1015e-06
89.695,1.06e-06
89.7,1.019e-06
89.705,9.7822e-07
89.71,9.3757e-07
89.715,8.9693e-07
89.72,8.563e-07
89.725,8.1577e-07
89.73,7.7542e-07
89.735,7.3531e-07
89.74,6.9549e-07
89.745,6.5599e-07
89.75,6.1683e-07
89.755,5.78e-07
89.76,5.3949e-07
89.765,5.0128e-07
89.77,4.6338e-07
89.775,4.257e-07
89.78,3.8817e-07
89.785,3.5071e-07
89.79,3.1335e-07
89.795,2.7615e-07
89.8,2.3916e-07
89.805,2.0241e-07
89.81,1.6588e-07
89.815,1.2953e-07
89.82,9.3366e-08
89.825,5.7382e-08
89.83,2.1571e-08
89.835,-1.4081e-08
89.84,-4.9579e-08
89.845,-8.4927e-08
89.85,-1.2013e-07
89.855,-1.552e-07
89.86,-1.9013e-07
89.865,-2.2495e-07
89.87,-2.5964e-07
89.875,-2.9421e-07
89.88,-3.2865e-07
89.885,-3.6296e-07
89.89,-3.9715e-07
89.895,-4.3122e-07
89.9,-4.6517e-07
89.905,-4.99e-07
89.91,-5.3271e-07
89.915,-5.6631e-07
89.92,-5.998e-07
89.925,-6.3317e-07
89.93,-6.6643e-07
89.935,-6.9957e-07
89.94,-7.3259e-07
89.945,-7.655e-07
89.95,-7.9828e-07
89.955,-8.3094e-07
89.96,-8.6348e-07
89.965,-8.959e-07
89.97,-9.2819e-07
89.975,-9.6037e-07
89.98,-9.9243e-07
89.985,-1.0244e-06
89.99,-1.0562e-06
89.995,-1.0879e-06
