0,-0.00094646
0.005,-0.0012363
0.01,-0.001359
0.015,-0.0010854
0.02,-0.0011444
0.025,-0.0011387
0.03,-0.0011283
0.035,-0.0011185
0.04,-0.0011317
0.045,-0.0011868
0.05,-0.0012708
0.055,-0.0013485
0.06,-0.0014089
0.065,-0.0014728
0.07,-0.0015481
0.075,-0.0016149
0.08,-0.0016418
0.085,-0.0016277
0.09,-0.0016007
0.095,-0.0015579
0.1,-0.0014752
0.105,-0.0013199
0.11,-0.0010546
0.115,-0.0006928
0.12,-0.00030237
0.125,7.5134e-05
0.13,0.00042427
0.135,0.00066641
0.14,0.0007639
0.145,0.00081982
0.15,0.00091412
0.155,0.0010079
0.16,0.0010422
0.165,0.0010187
0.17,0.00098095
0.175,0.00098246
0.18,0.00099246
0.185,0.00093027
0.19,0.00080548
0.195,0.00064726
0.2,0.00051437
0.205,0.00049169
0.21,0.00057163
0.215,0.00067741
0.22,0.00075071
0.225,0.00074488
0.23,0.00066388
0.235,0.00069345
0.24,0.00088257
0.245,0.0010335
0.25,0.0011215
0.255,0.0011753
0.26,0.0011309
0.265,0.0010141
0.27,0.00089273
0.275,0.00078398
0.28,0.00066473
0.285,0.00050075
0.29,0.00028149
0.295,-4.5874e-05
0.3,-0.00057738
0.305,-0.0011585
0.31,-0.0013649
0.315,-0.0010204
0.32,-0.00062878
0.325,-0.00076934
0.33,-0.0010964
0.335,-0.0011244
0.34,-0.0010529
0.345,-0.0010141
0.35,-0.00077593
0.355,-0.00038766
0.36,-0.00036451
0.365,-0.00070828
0.37,-0.00087667
0.375,-0.00075209
0.38,-0.00060598
0.385,-0.00058254
0.39,-0.00073742
0.395,-0.0010535
0.4,-0.0011912
0.405,-0.0010934
0.41,-0.0010891
0.415,-0.0012063
0.42,-0.0012849
0.425,-0.0011885
0.43,-0.000972
0.435,-0.00073973
0.44,-0.00048406
0.445,-0.00043619
0.45,-0.00070299
0.455,-0.0008164
0.46,-0.00048543
0.465,-0.00018922
0.47,-0.00012451
0.475,-8.8433e-05
0.48,-0.00010422
0.485,-0.00011874
0.49,-0.00025263
0.495,-0.0006681
0.5,-0.0011765
0.505,-0.0013862
0.51,-0.00098674
0.515,-0.00019237
0.52,0.00030615
0.525,0.0002656
0.53,0.00015647
0.535,0.0003246
0.54,0.00064208
0.545,0.00086686
0.55,0.0009226
0.555,0.00060502
0.56,-0.00027832
0.565,-0.00094657
0.57,-0.00053672
0.575,0.00035889
0.58,0.0005822
0.585,9.3044e-05
0.59,-0.00036257
0.595,-0.00067008
0.6,-0.00087971
0.605,-0.00082543
0.61,-0.00035779
0.615,0.00068623
0.62,0.0017797
0.625,0.002065
0.63,0.0014391
0.635,0.00057934
0.64,8.7447e-05
0.645,0.00017074
0.65,0.00088043
0.655,0.0017551
0.66,0.0016732
0.665,0.00026053
0.67,-0.0012331
0.675,-0.0017736
0.68,-0.0011969
0.685,0.00024522
0.69,0.0013488
0.695,0.00088917
0.7,-0.00058254
0.705,-0.0016268
0.71,-0.0015906
0.715,-0.00035132
0.72,0.001473
0.725,0.0024656
0.73,0.0014378
0.735,-0.00088973
0.74,-0.0023674
0.745,-0.0021047
0.75,-0.00087953
0.755,0.00025271
0.76,0.0010819
0.765,0.0010763
0.77,-1.4962e-05
0.775,-0.00075041
0.78,-0.00036543
0.785,0.0002398
0.79,-0.00011102
0.795,-0.0014076
0.8,-0.0022128
0.805,-0.0011206
0.81,0.0012189
0.815,0.0023291
0.82,0.0011548
0.825,-0.00077403
0.83,-0.0017183
0.835,-0.0014267
0.84,-0.00083147
0.845,-0.00085147
0.85,-0.001948
0.855,-0.0037785
0.86,-0.0044896
0.865,-0.0027415
0.87,0.0005258
0.875,0.0031862
0.88,0.0033336
0.885,0.0014005
0.89,-0.00025924
0.895,-0.00050387
0.9,0.00018026
0.905,0.00060232
0.91,-0.00019256
0.915,-0.001547
0.92,-0.0020263
0.925,-0.0014091
0.93,-0.00034455
0.935,0.00016763
0.94,-0.00069165
0.945,-0.0026824
0.95,-0.0045369
0.955,-0.0048631
0.96,-0.0040121
0.965,-0.0030016
0.97,-0.0017015
0.975,-8.6168e-05
0.98,0.00093701
0.985,0.00084073
0.99,0.00038601
0.995,0.00051556
1,0.0015291
1.005,0.0027789
1.01,0.0031907
1.015,0.0026719
1.02,0.0017172
1.025,0.00075159
1.03,2.6318e-05
1.035,-0.00030704
1.04,-0.0005342
1.045,-0.0017725
1.05,-0.0038202
1.055,-0.0052259
1.06,-0.0054137
1.065,-0.0042659
1.07,-0.0021905
1.075,-0.0004207
1.08,4.3963e-05
1.085,-0.00031425
1.09,0.0003523
1.095,0.0023327
1.1,0.0033423
1.105,0.0022853
1.11,0.00085273
1.115,0.0012084
1.12,0.0034234
1.125,0.0051203
1.13,0.0049049
1.135,0.004098
1.14,0.0037014
1.145,0.0023465
1.15,-0.00087308
1.155,-0.004143
1.16,-0.0057226
1.165,-0.0056738
1.17,-0.0044449
1.175,-0.0028371
1.18,-0.0022245
1.185,-0.0026213
1.19,-0.0023938
1.195,-0.0010431
1.2,0.00037372
1.205,0.0011696
1.21,0.0021042
1.215,0.0043022
1.22,0.0065546
1.225,0.0067823
1.23,0.0049171
1.235,0.0019431
1.24,-0.00064439
1.245,-0.0011342
1.25,0.00064122
1.255,0.0028901
1.26,0.003674
1.265,0.0027769
1.27,0.0013279
1.275,0.00035672
1.28,-0.00027583
1.285,-0.0014778
1.29,-0.0036147
1.295,-0.0063534
1.3,-0.0081333
1.305,-0.0072513
1.31,-0.0045617
1.315,-0.0025138
1.32,-0.0020895
1.325,-0.0018296
1.33,-0.00014945
1.335,0.0021506
1.34,0.0032574
1.345,0.0027368
1.35,0.001214
1.355,-0.00030912
1.36,-0.00071285
1.365,-0.00011317
1.37,0.0006694
1.375,0.0015249
1.38,0.0021337
1.385,0.002093
1.39,0.0014996
1.395,0.00046682
1.4,-1.6785e-05
1.405,0.001033
1.41,0.0023261
1.415,0.0026876
1.42,0.0024586
1.425,0.0010225
1.43,-0.0013665
1.435,-0.0024812
1.44,-0.0015273
1.445,-0.0001767
1.45,-0.00043624
1.455,-0.0019525
1.46,-0.0024765
1.465,-0.0012544
1.47,4.6451e-05
1.475,8.3351e-05
1.48,-0.00049117
1.485,-0.00096961
1.49,-0.001623
1.495,-0.002217
1.5,-0.0022103
1.505,-0.0019128
1.51,-0.0018378
1.515,-0.0023401
1.52,-0.0032481
1.525,-0.0027761
1.53,0.0001404
1.535,0.0034712
1.54,0.0050144
1.545,0.0046197
1.55,0.0030053
1.555,0.0013838
1.56,0.0007403
1.565,0.00054
1.57,0.00016402
1.575,-0.00011819
1.58,-0.00022776
1.585,-0.00035216
1.59,-0.00050897
1.595,-0.00064448
1.6,-0.00039384
1.605,0.00024168
1.61,0.00047818
1.615,0.00018115
1.62,-0.00012225
1.625,0.00049285
1.63,0.0019329
1.635,0.0022543
1.64,0.00086642
1.645,-0.00073799
1.65,-0.0015802
1.655,-0.0019828
1.66,-0.0025274
1.665,-0.0040166
1.67,-0.0066269
1.675,-0.0085583
1.68,-0.007944
1.685,-0.0047871
1.69,-0.00096986
1.695,0.0013574
1.7,0.0019292
1.705,0.001799
1.71,0.0017772
1.715,0.0020879
1.72,0.0025197
1.725,0.0024584
1.73,0.0015657
1.735,0.00040076
1.74,-0.00079035
1.745,-0.0023802
1.75,-0.0039517
1.755,-0.0047958
1.76,-0.0055021
1.765,-0.0073706
1.77,-0.010264
1.775,-0.011841
1.78,-0.010486
1.785,-0.0074657
1.79,-0.0043568
1.795,-0.0016279
1.8,0.00033082
1.805,0.0016461
1.81,0.0034912
1.815,0.0062194
1.82,0.0083264
1.825,0.009624
1.83,0.011422
1.835,0.013366
1.84,0.014693
1.845,0.014361
1.85,0.009742
1.855,0.00090075
1.86,-0.0073113
1.865,-0.011661
1.87,-0.013443
1.875,-0.013628
1.88,-0.011906
1.885,-0.0095107
1.89,-0.0086667
1.895,-0.0093432
1.9,-0.00907
1.905,-0.0068719
1.91,-0.0039576
1.915,-0.0012302
1.92,0.0013005
1.925,0.0032663
1.93,0.003507
1.935,0.0023149
1.94,0.0025121
1.945,0.0065101
1.95,0.012597
1.955,0.016187
1.96,0.01578
1.965,0.014116
1.97,0.012049
1.975,0.0069335
1.98,-0.00063645
1.985,-0.0059041
1.99,-0.0069282
1.995,-0.0055058
2,-0.003581
2.005,-0.0021922
2.01,-0.0017031
2.015,-0.0029457
2.02,-0.0057299
2.025,-0.007736
2.03,-0.0077668
2.035,-0.0063936
2.04,-0.0041531
2.045,-0.0020784
2.05,-0.0017983
2.055,-0.0033044
2.06,-0.0037218
2.065,-0.00089772
2.07,0.0031721
2.075,0.0051884
2.08,0.004296
2.085,0.0023098
2.09,0.0014517
2.095,0.0021234
2.1,0.002986
2.105,0.0031988
2.11,0.0035065
2.115,0.0042721
2.12,0.0043593
2.125,0.0026565
2.13,-0.00070306
2.135,-0.0051723
2.14,-0.0091911
2.145,-0.0098576
2.15,-0.0061155
2.155,0.00014716
2.16,0.0061502
2.165,0.0093051
2.17,0.008165
2.175,0.0042061
2.18,0.00023228
2.185,-0.0019201
2.19,-0.0011907
2.195,0.0019494
2.2,0.0057265
2.205,0.0074777
2.21,0.0051909
2.215,0.0010374
2.22,-0.0011887
2.225,-0.00057082
2.23,0.0014725
2.235,0.0025077
2.24,0.0013605
2.245,0.0002395
2.25,0.00056244
2.255,0.00021656
2.26,-0.0017674
2.265,-0.0040019
2.27,-0.0055131
2.275,-0.0061278
2.28,-0.005648
2.285,-0.0039837
2.29,-0.0018589
2.295,-0.00053302
2.3,-0.00093672
2.305,-0.0023102
2.31,-0.0026678
2.315,-0.0011547
2.32,0.0010597
2.325,0.0022349
2.33,0.0024946
2.335,0.0036066
2.34,0.0066122
2.345,0.010592
2.35,0.013428
2.355,0.013821
2.36,0.012055
2.365,0.0090504
2.37,0.0057429
2.375,0.0025102
2.38,-0.001418
2.385,-0.0064828
2.39,-0.011263
2.395,-0.01374
2.4,-0.013036
2.405,-0.0098281
2.41,-0.0061592
2.415,-0.0040232
2.42,-0.0030973
2.425,-0.0013442
2.43,0.0016209
2.435,0.0039588
2.44,0.0036614
2.445,0.00055956
2.45,-0.0027083
2.455,-0.003298
2.46,-0.0011763
2.465,0.0013743
2.47,0.0021694
2.475,0.0013335
2.48,0.00041668
2.485,-6.8384e-05
2.49,-0.00065822
2.495,-0.0022275
2.5,-0.0047939
2.505,-0.0070967
2.51,-0.0084753
2.515,-0.009103
2.52,-0.0088535
2.525,-0.0069379
2.53,-0.0024814
2.535,0.0040423
2.54,0.010189
2.545,0.013044
2.55,0.011923
2.555,0.0091117
2.56,0.0075323
2.565,0.0077162
2.57,0.0082167
2.575,0.0082111
2.58,0.0068086
2.585,0.0032866
2.59,-0.0011959
2.595,-0.005397
2.6,-0.0084175
2.605,-0.0087894
2.61,-0.0053042
2.615,0.0014522
2.62,0.0076439
2.625,0.0084497
2.63,0.0031032
2.635,-0.0039432
2.64,-0.00794
2.645,-0.0087287
2.65,-0.0086491
2.655,-0.0077387
2.66,-0.0049515
2.665,-0.001149
2.67,0.0018738
2.675,0.0032601
2.68,0.0033097
2.685,0.0020779
2.69,-0.00012601
2.695,-0.00099127
2.7,0.0013691
2.705,0.0048
2.71,0.0052639
2.715,0.0020201
2.72,-0.0016465
2.725,-0.0017957
2.73,0.0018902
2.735,0.0053146
2.74,0.0039028
2.745,-0.0029723
2.75,-0.011011
2.755,-0.015454
2.76,-0.01427
2.765,-0.0089191
2.77,-0.0039887
2.775,-0.0016001
2.78,0.00051767
2.785,0.0039599
2.79,0.007308
2.795,0.0081767
2.8,0.0061349
2.805,0.0029265
2.81,0.00041689
2.815,-0.00016507
2.82,0.0011926
2.825,0.0027351
2.83,0.0026385
2.835,0.00037759
2.84,-0.0027868
2.845,-0.0043752
2.85,-0.0036701
2.855,-0.0020275
2.86,-0.0011482
2.865,-0.0019454
2.87,-0.0029659
2.875,-0.0032678
2.88,-0.0052321
2.885,-0.0091596
2.89,-0.010615
2.895,-0.0069353
2.9,-0.0009919
2.905,0.0037901
2.91,0.0075867
2.915,0.010569
2.92,0.010485
2.925,0.0069962
2.93,0.0034986
2.935,0.0027159
2.94,0.0047869
2.945,0.0096234
2.95,0.016967
2.955,0.022667
2.96,0.019639
2.965,0.0075686
2.97,-0.0051143
2.975,-0.011295
2.98,-0.010653
2.985,-0.0081761
2.99,-0.010128
2.995,-0.017313
3,-0.023236
3.005,-0.02207
3.01,-0.014459
3.015,-0.0038902
3.02,0.005094
3.025,0.0068953
3.03,0.00099858
3.035,-0.0059301
3.04,-0.0064807
3.045,0.00088284
3.05,0.011457
3.055,0.019707
3.06,0.021644
3.065,0.017124
3.07,0.011401
3.075,0.0086401
3.08,0.0080247
3.085,0.0068931
3.09,0.0041107
3.095,0.00013637
3.1,-0.0044074
3.105,-0.008335
3.11,-0.010051
3.115,-0.010493
3.12,-0.012305
3.125,-0.01464
3.13,-0.012649
3.135,-0.0036755
3.14,0.0070161
3.145,0.01077
3.15,0.0059445
3.155,-0.00054216
3.16,-0.0015376
3.165,0.0039134
3.17,0.010816
3.175,0.013529
3.18,0.010641
3.185,0.0048612
3.19,0.00042844
3.195,5.8927e-05
3.2,0.0029419
3.205,0.0055812
3.21,0.0048181
3.215,0.0012463
3.22,-0.00070837
3.225,0.00065341
3.23,0.0015861
3.235,-0.0010828
3.24,-0.0068098
3.245,-0.01199
3.25,-0.01347
3.255,-0.012379
3.26,-0.010209
3.265,-0.0061893
3.27,-0.0010955
3.275,0.0024717
3.28,0.0038691
3.285,0.0041681
3.29,0.0033843
3.295,0.0023667
3.3,0.0033788
3.305,0.0059483
3.31,0.0064649
3.315,0.0030805
3.32,-0.0011488
3.325,-0.002452
3.33,-0.001588
3.335,-0.0017243
3.34,-0.0042271
3.345,-0.0075314
3.35,-0.0096059
3.355,-0.010953
3.36,-0.012824
3.365,-0.014739
3.37,-0.015606
3.375,-0.014638
3.38,-0.011614
3.385,-0.0072744
3.39,-0.0016491
3.395,0.0048768
3.4,0.0094207
3.405,0.010123
3.41,0.0089066
3.415,0.0088581
3.42,0.01103
3.425,0.013531
3.43,0.013358
3.435,0.009202
3.44,0.0023704
3.445,-0.0036598
3.45,-0.0058825
3.455,-0.0047032
3.46,-0.0028831
3.465,-0.0026433
3.47,-0.0034714
3.475,-0.0037469
3.48,-0.0035119
3.485,-0.0026418
3.49,-0.00093273
3.495,0.00027527
3.5,0.00025221
3.505,-0.00080686
3.51,-0.0027358
3.515,-0.0036571
3.52,-0.0014522
3.525,0.0031427
3.53,0.0085238
3.535,0.013046
3.54,0.014273
3.545,0.012441
3.55,0.01066
3.555,0.010488
3.56,0.010748
3.565,0.0096777
3.57,0.0075945
3.575,0.0063693
3.58,0.0067832
3.585,0.0080387
3.59,0.0093473
3.595,0.010647
3.6,0.011077
3.605,0.0095322
3.61,0.0071084
3.615,0.0049945
3.62,0.0025414
3.625,-9.2812e-05
3.63,-0.0019841
3.635,-0.0020797
3.64,0.001637
3.645,0.0090587
3.65,0.016003
3.655,0.018658
3.66,0.017779
3.665,0.016493
3.67,0.016275
3.675,0.017533
3.68,0.020726
3.685,0.024638
3.69,0.027274
3.695,0.029321
3.7,0.03258
3.705,0.035829
3.71,0.035839
3.715,0.030657
3.72,0.021755
3.725,0.013408
3.73,0.0096009
3.735,0.01114
3.74,0.014656
3.745,0.017346
3.75,0.020114
3.755,0.023553
3.76,0.02616
3.765,0.026767
3.77,0.026392
3.775,0.026975
3.78,0.028497
3.785,0.029405
3.79,0.029152
3.795,0.028646
3.8,0.028641
3.805,0.029497
3.81,0.031214
3.815,0.032726
3.82,0.034082
3.825,0.036924
3.83,0.041619
3.835,0.047079
3.84,0.051781
3.845,0.054299
3.85,0.054095
3.855,0.051999
3.86,0.049384
3.865,0.04666
3.87,0.043455
3.875,0.038842
3.88,0.032735
3.885,0.026134
3.89,0.017423
3.895,0.0037237
3.9,-0.013939
3.905,-0.03236
3.91,-0.049389
3.915,-0.063748
3.92,-0.074542
3.925,-0.080014
3.93,-0.079236
3.935,-0.074094
3.94,-0.068333
3.945,-0.066013
3.95,-0.068325
3.955,-0.072313
3.96,-0.07355
3.965,-0.069449
3.97,-0.061624
3.975,-0.053847
3.98,-0.047877
3.985,-0.043686
3.99,-0.040631
3.995,-0.037695
4,-0.035031
4.005,-0.03361
4.01,-0.03425
4.015,-0.037353
4.02,-0.042105
4.025,-0.047867
4.03,-0.055099
4.035,-0.063596
4.04,-0.071832
4.045,-0.07852
4.05,-0.083509
4.055,-0.08682
4.06,-0.087594
4.065,-0.085707
4.07,-0.083404
4.075,-0.08444
4.08,-0.091138
4.085,-0.099854
4.09,-0.10388
4.095,-0.10038
4.1,-0.089611
4.105,-0.073141
4.11,-0.055252
4.115,-0.039778
4.12,-0.025372
4.125,-0.0071719
4.13,0.016117
4.135,0.039034
4.14,0.055156
4.145,0.061795
4.15,0.061389
4.155,0.060216
4.16,0.061998
4.165,0.065918
4.17,0.0702
4.175,0.073062
4.18,0.074247
4.185,0.076723
4.19,0.081548
4.195,0.085679
4.2,0.086457
4.205,0.082774
4.21,0.075355
4.215,0.066633
4.22,0.059765
4.225,0.057581
4.23,0.059908
4.235,0.062884
4.24,0.062069
4.245,0.057108
4.25,0.051322
4.255,0.04714
4.26,0.044027
4.265,0.038609
4.27,0.028122
4.275,0.01348
4.28,-0.0025953
4.285,-0.017244
4.29,-0.028671
4.295,-0.037124
4.3,-0.043229
4.305,-0.047035
4.31,-0.049295
4.315,-0.051256
4.32,-0.052697
4.325,-0.053416
4.33,-0.05469
4.335,-0.056824
4.34,-0.05871
4.345,-0.059417
4.35,-0.059763
4.355,-0.060333
4.36,-0.060197
4.365,-0.058613
4.37,-0.053352
4.375,-0.042654
4.38,-0.027104
4.385,-0.0078883
4.39,0.013376
4.395,0.034671
4.4,0.052802
4.405,0.064543
4.41,0.067706
4.415,0.062398
4.42,0.053182
4.425,0.044235
4.43,0.034988
4.435,0.024378
4.44,0.013367
4.445,0.0041575
4.45,6.0585e-05
4.455,0.003012
4.46,0.012446
4.465,0.026792
4.47,0.043791
4.475,0.059754
4.48,0.068562
4.485,0.065987
4.49,0.055706
4.495,0.044626
4.5,0.035936
4.505,0.029146
4.51,0.022507
4.515,0.01562
4.52,0.0098684
4.525,0.005471
4.53,0.00029158
4.535,-0.0082534
4.54,-0.020789
4.545,-0.035101
4.55,-0.0483
4.555,-0.057982
4.56,-0.06203
4.565,-0.06051
4.57,-0.056398
4.575,-0.051376
4.58,-0.042828
4.585,-0.028658
4.59,-0.01097
4.595,0.0063137
4.6,0.019386
4.605,0.025626
4.61,0.023511
4.615,0.013525
4.62,-0.00088826
4.625,-0.016961
4.63,-0.033354
4.635,-0.046461
4.64,-0.050771
4.645,-0.04387
4.65,-0.027273
4.655,-0.0036132
4.66,0.020962
4.665,0.037437
4.67,0.040697
4.675,0.033106
4.68,0.023128
4.685,0.018024
4.69,0.019028
4.695,0.023494
4.7,0.028786
4.705,0.034671
4.71,0.040873
4.715,0.04523
4.72,0.04511
4.725,0.039112
4.73,0.029131
4.735,0.020177
4.74,0.016058
4.745,0.016485
4.75,0.018784
4.755,0.020065
4.76,0.019257
4.765,0.017168
4.77,0.014892
4.775,0.013977
4.78,0.015204
4.785,0.017206
4.79,0.016836
4.795,0.012314
4.8,0.0072031
4.805,0.0067004
4.81,0.012046
4.815,0.021687
4.82,0.033779
4.825,0.046596
4.83,0.058115
4.835,0.065319
4.84,0.065151
4.845,0.058358
4.85,0.050609
4.855,0.046311
4.86,0.043736
4.865,0.03771
4.87,0.02523
4.875,0.0075481
4.88,-0.011414
4.885,-0.026792
4.89,-0.036566
4.895,-0.042325
4.9,-0.045002
4.905,-0.04408
4.91,-0.038913
4.915,-0.030596
4.92,-0.021911
4.925,-0.013611
4.93,-0.0057849
4.935,-0.00043735
4.94,0.0016523
4.945,0.0029719
4.95,0.0062789
4.955,0.011297
4.96,0.014954
4.965,0.013177
4.97,0.0040732
4.975,-0.0088501
4.98,-0.020618
4.985,-0.029714
4.99,-0.035867
4.995,-0.03878
5,-0.039029
5.005,-0.037179
5.01,-0.033197
5.015,-0.026114
5.02,-0.014842
5.025,-0.001267
5.03,0.011103
5.035,0.019508
5.04,0.021099
5.045,0.016069
5.05,0.0093916
5.055,0.0064973
5.06,0.0087991
5.065,0.013591
5.07,0.017588
5.075,0.019201
5.08,0.019419
5.085,0.020171
5.09,0.020566
5.095,0.018438
5.1,0.01361
5.105,0.0081582
5.11,0.0043349
5.115,0.0017793
5.12,-0.00084105
5.125,-0.003374
5.13,-0.0048847
5.135,-0.0056495
5.14,-0.0091619
5.145,-0.019292
5.15,-0.033879
5.155,-0.045925
5.16,-0.05085
5.165,-0.049239
5.17,-0.044975
5.175,-0.041796
5.18,-0.040266
5.185,-0.037885
5.19,-0.031562
5.195,-0.02018
5.2,-0.0055271
5.205,0.0083323
5.21,0.015878
5.215,0.013807
5.22,0.0055269
5.225,-0.0022642
5.23,-0.007326
5.235,-0.013123
5.24,-0.023373
5.245,-0.03715
5.25,-0.049669
5.255,-0.057245
5.26,-0.060025
5.265,-0.06055
5.27,-0.061169
5.275,-0.062463
5.28,-0.062674
5.285,-0.057995
5.29,-0.046684
5.295,-0.031555
5.3,-0.015303
5.305,0.00040817
5.31,0.012641
5.315,0.020234
5.32,0.024331
5.325,0.024845
5.33,0.020691
5.335,0.011975
5.34,0.00070459
5.345,-0.0092726
5.35,-0.013754
5.355,-0.010604
5.36,-0.0017889
5.365,0.0079276
5.37,0.013299
5.375,0.0096079
5.38,-0.0025347
5.385,-0.016207
5.39,-0.025003
5.395,-0.024963
5.4,-0.014078
5.405,0.0050672
5.41,0.027095
5.415,0.047374
5.42,0.062313
5.425,0.070151
5.43,0.071804
5.435,0.069809
5.44,0.066818
5.445,0.063549
5.45,0.0581
5.455,0.046786
5.46,0.028107
5.465,0.0048626
5.47,-0.020529
5.475,-0.045671
5.48,-0.066838
5.485,-0.081292
5.49,-0.087139
5.495,-0.085345
5.5,-0.079196
5.505,-0.069541
5.51,-0.055371
5.515,-0.035899
5.52,-0.011923
5.525,0.011546
5.53,0.029093
5.535,0.040165
5.54,0.047439
5.545,0.054258
5.55,0.062164
5.555,0.069601
5.56,0.07531
5.565,0.079949
5.57,0.082572
5.575,0.079802
5.58,0.071542
5.585,0.062851
5.59,0.05662
5.595,0.049738
5.6,0.038379
5.605,0.023915
5.61,0.011845
5.615,0.0057154
5.62,0.0060331
5.625,0.012895
5.63,0.024165
5.635,0.035579
5.64,0.044853
5.645,0.050544
5.65,0.049694
5.655,0.042257
5.66,0.033321
5.665,0.026189
5.67,0.019842
5.675,0.013938
5.68,0.0088615
5.685,0.0037214
5.69,-0.002103
5.695,-0.0077302
5.7,-0.011189
5.705,-0.01197
5.71,-0.011085
5.715,-0.0082914
5.72,-0.0034212
5.725,0.0012778
5.73,0.0040557
5.735,0.0073338
5.74,0.01417
5.745,0.023962
5.75,0.035459
5.755,0.047593
5.76,0.057449
5.765,0.062856
5.77,0.064315
5.775,0.063738
5.78,0.062733
5.785,0.061898
5.79,0.061256
5.795,0.061013
5.8,0.061892
5.805,0.064265
5.81,0.066551
5.815,0.066634
5.82,0.063877
5.825,0.058251
5.83,0.050338
5.835,0.039821
5.84,0.026048
5.845,0.010722
5.85,-0.0035031
5.855,-0.013056
5.86,-0.015817
5.865,-0.014778
5.87,-0.014775
5.875,-0.017873
5.88,-0.023421
5.885,-0.030655
5.89,-0.038302
5.895,-0.044479
5.9,-0.049504
5.905,-0.053874
5.91,-0.054875
5.915,-0.049063
5.92,-0.034926
5.925,-0.014634
5.93,0.008212
5.935,0.03193
5.94,0.053071
5.945,0.067307
5.95,0.073389
5.955,0.074045
5.96,0.074304
5.965,0.076188
5.97,0.078656
5.975,0.080073
5.98,0.079645
5.985,0.079115
5.99,0.080151
5.995,0.080537
6,0.076377
6.005,0.066335
6.01,0.051539
6.015,0.03342
6.02,0.012185
6.025,-0.011813
6.03,-0.037646
6.035,-0.0653
6.04,-0.09318
6.045,-0.11819
6.05,-0.13877
6.055,-0.1539
6.06,-0.1639
6.065,-0.17105
6.07,-0.1761
6.075,-0.17842
6.08,-0.17864
6.085,-0.17764
6.09,-0.17444
6.095,-0.16615
6.1,-0.15194
6.105,-0.13558
6.11,-0.12034
6.115,-0.1061
6.12,-0.090946
6.125,-0.073897
6.13,-0.055711
6.135,-0.035945
6.14,-0.015347
6.145,0.002996
6.15,0.017854
6.155,0.029188
6.16,0.036403
6.165,0.039973
6.17,0.041401
6.175,0.041407
6.18,0.038821
6.185,0.032385
6.19,0.023729
6.195,0.014828
6.2,0.0061121
6.205,-0.0021107
6.21,-0.0090746
6.215,-0.013231
6.22,-0.014148
6.225,-0.013601
6.23,-0.013789
6.235,-0.016005
6.24,-0.019654
6.245,-0.02405
6.25,-0.030864
6.255,-0.042089
6.26,-0.056908
6.265,-0.072473
6.27,-0.087677
6.275,-0.1029
6.28,-0.11741
6.285,-0.12935
6.29,-0.13783
6.295,-0.14464
6.3,-0.15226
6.305,-0.16056
6.31,-0.16746
6.315,-0.17049
6.32,-0.16927
6.325,-0.16721
6.33,-0.16656
6.335,-0.16559
6.34,-0.16098
6.345,-0.14811
6.35,-0.12157
6.355,-0.079186
6.36,-0.027037
6.365,0.023478
6.37,0.064164
6.375,0.091709
6.38,0.10737
6.385,0.11515
6.39,0.11675
6.395,0.1115
6.4,0.099052
6.405,0.079307
6.41,0.053754
6.415,0.027407
6.42,0.0051644
6.425,-0.011418
6.43,-0.023049
6.435,-0.030695
6.44,-0.034642
6.445,-0.034613
6.45,-0.031861
6.455,-0.028941
6.46,-0.027407
6.465,-0.027766
6.47,-0.029453
6.475,-0.032091
6.48,-0.035186
6.485,-0.036477
6.49,-0.031359
6.495,-0.017134
6.5,0.001475
6.505,0.017583
6.51,0.028465
6.515,0.035918
6.52,0.043391
6.525,0.05251
6.53,0.062798
6.535,0.072234
6.54,0.079989
6.545,0.087201
6.55,0.0931
6.555,0.094697
6.56,0.090477
6.565,0.081647
6.57,0.070453
6.575,0.057488
6.58,0.042748
6.585,0.026998
6.59,0.0065693
6.595,-0.024445
6.6,-0.064376
6.605,-0.10434
6.61,-0.13469
6.615,-0.15019
6.62,-0.15186
6.625,-0.14342
6.63,-0.12909
6.635,-0.11037
6.64,-0.085593
6.645,-0.057768
6.65,-0.033197
6.655,-0.013429
6.66,0.0030263
6.665,0.01787
6.67,0.033329
6.675,0.050854
6.68,0.068722
6.685,0.084172
6.69,0.096216
6.695,0.10224
6.7,0.099086
6.705,0.089121
6.71,0.077053
6.715,0.063514
6.72,0.047081
6.725,0.028553
6.73,0.010237
6.735,-0.006129
6.74,-0.019713
6.745,-0.029978
6.75,-0.036475
6.755,-0.038656
6.76,-0.035115
6.765,-0.025222
6.77,-0.010595
6.775,0.0057897
6.78,0.021255
6.785,0.033034
6.79,0.037785
6.795,0.033273
6.8,0.020279
6.805,0.0031212
6.81,-0.014502
6.815,-0.031736
6.82,-0.047256
6.825,-0.059623
6.83,-0.069898
6.835,-0.078987
6.84,-0.085686
6.845,-0.088269
6.85,-0.085466
6.855,-0.076572
6.86,-0.060466
6.865,-0.035622
6.87,-0.0032363
6.875,0.031366
6.88,0.062486
6.885,0.08704
6.89,0.10278
6.895,0.10764
6.9,0.10297
6.905,0.09338
6.91,0.081908
6.915,0.06705
6.92,0.045767
6.925,0.019655
6.93,-0.0066365
6.935,-0.030601
6.94,-0.049267
6.945,-0.058986
6.95,-0.060134
6.955,-0.05671
6.96,-0.053048
6.965,-0.051067
6.97,-0.050061
6.975,-0.04931
6.98,-0.050009
6.985,-0.054224
6.99,-0.061657
6.995,-0.068946
7,-0.071728
7.005,-0.067433
7.01,-0.057845
7.015,-0.045603
7.02,-0.031884
7.025,-0.019924
7.03,-0.014196
7.035,-0.017023
7.04,-0.026591
7.045,-0.037571
7.05,-0.043301
7.055,-0.038158
7.06,-0.020831
7.065,0.0043526
7.07,0.031396
7.075,0.057341
7.08,0.081451
7.085,0.10267
7.09,0.11752
7.095,0.12107
7.1,0.1112
7.105,0.091922
7.11,0.070407
7.115,0.052092
7.12,0.040536
7.125,0.036071
7.13,0.034868
7.135,0.03361
7.14,0.032446
7.145,0.030909
7.15,0.026017
7.155,0.016112
7.16,0.0032882
7.165,-0.0095495
7.17,-0.019222
7.175,-0.02059
7.18,-0.013415
7.185,-0.0036594
7.19,0.0039968
7.195,0.0081618
7.2,0.00977
7.205,0.010948
7.21,0.016138
7.215,0.030219
7.22,0.051597
7.225,0.074609
7.23,0.095136
7.235,0.11018
7.24,0.11621
7.245,0.10979
7.25,0.093624
7.255,0.075853
7.26,0.061537
7.265,0.052014
7.27,0.046873
7.275,0.044299
7.28,0.044288
7.285,0.048335
7.29,0.055713
7.295,0.061614
7.3,0.059846
7.305,0.048474
7.31,0.031302
7.315,0.015024
7.32,0.0048194
7.325,0.0033848
7.33,0.012162
7.335,0.030268
7.34,0.054004
7.345,0.078982
7.35,0.10235
7.355,0.12171
7.36,0.13541
7.365,0.14512
7.37,0.15231
7.375,0.1558
7.38,0.15657
7.385,0.1579
7.39,0.16071
7.395,0.1638
7.4,0.16666
7.405,0.16927
7.41,0.17112
7.415,0.17183
7.42,0.17122
7.425,0.16745
7.43,0.15701
7.435,0.1344
7.44,0.091098
7.445,0.020348
7.45,-0.066569
7.455,-0.13666
7.46,-0.16873
7.465,-0.17069
7.47,-0.15853
7.475,-0.1434
7.48,-0.13017
7.485,-0.11708
7.49,-0.10123
7.495,-0.079213
7.5,-0.04884
7.505,-0.015499
7.51,0.01221
7.515,0.02979
7.52,0.037757
7.525,0.039627
7.53,0.040715
7.535,0.044679
7.54,0.051638
7.545,0.060773
7.55,0.069632
7.555,0.072093
7.56,0.061957
7.565,0.040438
7.57,0.012284
7.575,-0.019931
7.58,-0.049902
7.585,-0.070835
7.59,-0.081278
7.595,-0.07959
7.6,-0.063975
7.605,-0.03589
7.61,0.00039804
7.615,0.034342
7.62,0.050728
7.625,0.042278
7.63,0.017741
7.635,-0.0080753
7.64,-0.027578
7.645,-0.040197
7.65,-0.048311
7.655,-0.05299
7.66,-0.053752
7.665,-0.053639
7.67,-0.05685
7.675,-0.062058
7.68,-0.065599
7.685,-0.070004
7.69,-0.079596
7.695,-0.090285
7.7,-0.09438
7.705,-0.090616
7.71,-0.084096
7.715,-0.080464
7.72,-0.082118
7.725,-0.087296
7.73,-0.089703
7.735,-0.080935
7.74,-0.057503
7.745,-0.02343
7.75,0.015394
7.755,0.052303
7.76,0.081271
7.765,0.10005
7.77,0.10575
7.775,0.097782
7.78,0.083726
7.785,0.071782
7.79,0.063183
7.795,0.054875
7.8,0.04377
7.805,0.027858
7.81,0.0069798
7.815,-0.015319
7.82,-0.034052
7.825,-0.047081
7.83,-0.05502
7.835,-0.059309
7.84,-0.061285
7.845,-0.062877
7.85,-0.063314
7.855,-0.059572
7.86,-0.051271
7.865,-0.03889
7.87,-0.022011
7.875,-0.001169
7.88,0.020557
7.885,0.040396
7.89,0.058599
7.895,0.076672
7.9,0.094651
7.905,0.11113
7.91,0.12515
7.915,0.13507
7.92,0.13666
7.925,0.12762
7.93,0.11098
7.935,0.090183
7.94,0.067133
7.945,0.041914
7.95,0.013382
7.955,-0.01828
7.96,-0.051008
7.965,-0.080321
7.97,-0.10222
7.975,-0.11558
7.98,-0.12048
7.985,-0.12022
7.99,-0.11968
7.995,-0.12025
8,-0.12002
8.005,-0.11669
8.01,-0.11016
8.015,-0.10057
8.02,-0.086994
8.025,-0.069996
8.03,-0.052388
8.035,-0.036987
8.04,-0.0253
8.045,-0.017602
8.05,-0.01447
8.055,-0.015546
8.06,-0.017761
8.065,-0.021282
8.07,-0.028573
8.075,-0.037256
8.08,-0.043135
8.085,-0.044447
8.09,-0.039344
8.095,-0.025494
8.1,-0.0035861
8.105,0.021276
8.11,0.042505
8.115,0.057612
8.12,0.069188
8.125,0.080416
8.13,0.092071
8.135,0.10387
8.14,0.115
8.145,0.1243
8.15,0.13146
8.155,0.13674
8.16,0.14001
8.165,0.13899
8.17,0.1314
8.175,0.11812
8.18,0.10107
8.185,0.08104
8.19,0.0588
8.195,0.033729
8.2,0.003003
8.205,-0.034352
8.21,-0.07298
8.215,-0.10323
8.22,-0.11887
8.225,-0.11826
8.23,-0.1031
8.235,-0.080302
8.24,-0.056211
8.245,-0.032129
8.25,-0.0093208
8.255,0.0094465
8.26,0.021684
8.265,0.026814
8.27,0.028433
8.275,0.03157
8.28,0.038328
8.285,0.046806
8.29,0.051168
8.295,0.044867
8.3,0.026259
8.305,-0.0012368
8.31,-0.033868
8.315,-0.068459
8.32,-0.10021
8.325,-0.1238
8.33,-0.1365
8.335,-0.13943
8.34,-0.13754
8.345,-0.13663
8.35,-0.13822
8.355,-0.14154
8.36,-0.14638
8.365,-0.15064
8.37,-0.15077
8.375,-0.14566
8.38,-0.13838
8.385,-0.13208
8.39,-0.12656
8.395,-0.12198
8.4,-0.1199
8.405,-0.11893
8.41,-0.11369
8.415,-0.098132
8.42,-0.069494
8.425,-0.031517
8.43,0.0058897
8.435,0.034565
8.44,0.053953
8.445,0.065637
8.45,0.069589
8.455,0.067476
8.46,0.062557
8.465,0.057722
8.47,0.054247
8.475,0.051136
8.48,0.047212
8.485,0.041848
8.49,0.034872
8.495,0.02604
8.5,0.014968
8.505,0.002703
8.51,-0.0064865
8.515,-0.0089359
8.52,-0.0076538
8.525,-0.0061549
8.53,-0.0024852
8.535,0.0050811
8.54,0.014026
8.545,0.020902
8.55,0.024976
8.555,0.027253
8.56,0.029455
8.565,0.035139
8.57,0.045434
8.575,0.056234
8.58,0.064171
8.585,0.068765
8.59,0.069279
8.595,0.066285
8.6,0.062734
8.605,0.060879
8.61,0.061182
8.615,0.061908
8.62,0.060831
8.625,0.057153
8.63,0.049752
8.635,0.039625
8.64,0.0302
8.645,0.022064
8.65,0.014942
8.655,0.0092678
8.66,0.0055382
8.665,0.0051521
8.67,0.0072507
8.675,0.0093998
8.68,0.011045
8.685,0.011865
8.69,0.010933
8.695,0.0086451
8.7,0.0067198
8.705,0.0076151
8.71,0.013553
8.715,0.024314
8.72,0.037642
8.725,0.051678
8.73,0.063698
8.735,0.068657
8.74,0.063962
8.745,0.05357
8.75,0.043034
8.755,0.033684
8.76,0.023484
8.765,0.011052
8.77,-0.0017375
8.775,-0.012688
8.78,-0.022392
8.785,-0.032612
8.79,-0.042369
8.795,-0.048199
8.8,-0.049072
8.805,-0.046991
8.81,-0.043593
8.815,-0.037847
8.82,-0.028943
8.825,-0.020185
8.83,-0.018638
8.835,-0.028682
8.84,-0.046384
8.845,-0.065199
8.85,-0.082452
8.855,-0.098123
8.86,-0.11101
8.865,-0.11877
8.87,-0.11997
8.875,-0.11531
8.88,-0.10879
8.885,-0.10381
8.89,-0.10082
8.895,-0.099224
8.9,-0.09548
8.905,-0.082209
8.91,-0.055365
8.915,-0.019576
8.92,0.016042
8.925,0.0458
8.93,0.069499
8.935,0.088767
8.94,0.10476
8.945,0.1161
8.95,0.1202
8.955,0.1182
8.96,0.11366
8.965,0.1084
8.97,0.10078
8.975,0.089162
8.98,0.075401
8.985,0.061337
8.99,0.046187
8.995,0.027192
9,0.0032514
9.005,-0.021494
9.01,-0.042212
9.015,-0.058365
9.02,-0.071055
9.025,-0.079541
9.03,-0.081017
9.035,-0.074131
9.04,-0.061892
9.045,-0.047701
9.05,-0.032336
9.055,-0.015921
9.06,0.0014417
9.065,0.018988
9.07,0.035052
9.075,0.049556
9.08,0.063093
9.085,0.07539
9.09,0.086212
9.095,0.095656
9.1,0.10281
9.105,0.10516
9.11,0.099947
9.115,0.086755
9.12,0.069158
9.125,0.051556
9.13,0.036541
9.135,0.024748
9.14,0.015227
9.145,0.0064848
9.15,-0.0026559
9.155,-0.011787
9.16,-0.019112
9.165,-0.022037
9.17,-0.01971
9.175,-0.015109
9.18,-0.011898
9.185,-0.013398
9.19,-0.020907
9.195,-0.031535
9.2,-0.042923
9.205,-0.054494
9.21,-0.063273
9.215,-0.064515
9.22,-0.055861
9.225,-0.040403
9.23,-0.024194
9.235,-0.011531
9.24,-0.0050454
9.245,-0.0068009
9.25,-0.015142
9.255,-0.023472
9.26,-0.026791
9.265,-0.025572
9.27,-0.021725
9.275,-0.014873
9.28,-0.0050597
9.285,0.0022128
9.29,-0.00078915
9.295,-0.014746
9.3,-0.033227
9.305,-0.051779
9.31,-0.070869
9.315,-0.08932
9.32,-0.10312
9.325,-0.11005
9.33,-0.11004
9.335,-0.10543
9.34,-0.10029
9.345,-0.096769
9.35,-0.093431
9.355,-0.086686
9.36,-0.073353
9.365,-0.053887
9.37,-0.033179
9.375,-0.0174
9.38,-0.010449
9.385,-0.012896
9.39,-0.020763
9.395,-0.025967
9.4,-0.022525
9.405,-0.010632
9.41,0.0047551
9.415,0.017368
9.42,0.02478
9.425,0.027953
9.43,0.026207
9.435,0.0196
9.44,0.011471
9.445,0.0049036
9.45,0.00072871
9.455,-0.0020294
9.46,-0.0037836
9.465,-0.0030705
9.47,0.00066824
9.475,0.0049183
9.48,0.0080783
9.485,0.011359
9.49,0.013465
9.495,0.010439
9.5,0.00093317
9.505,-0.012427
9.51,-0.026652
9.515,-0.041033
9.52,-0.055674
9.525,-0.069072
9.53,-0.079064
9.535,-0.085579
9.54,-0.089731
9.545,-0.091982
9.55,-0.0913
9.555,-0.084401
9.56,-0.068398
9.565,-0.044723
9.57,-0.018007
9.575,0.0078959
9.58,0.030943
9.585,0.049839
9.59,0.06476
9.595,0.076777
9.6,0.085763
9.605,0.091695
9.61,0.095395
9.615,0.097454
9.62,0.096248
9.625,0.088691
9.63,0.074584
9.635,0.056736
9.64,0.038638
9.645,0.022592
9.65,0.0090793
9.655,-0.0024314
9.66,-0.01103
9.665,-0.01422
9.67,-0.012326
9.675,-0.007452
9.68,-0.0012385
9.685,0.0045106
9.69,0.009442
9.695,0.013532
9.7,0.016369
9.705,0.01939
9.71,0.02342
9.715,0.026909
9.72,0.027936
9.725,0.02621
9.73,0.024983
9.735,0.027277
9.74,0.032367
9.745,0.038686
9.75,0.045304
9.755,0.051221
9.76,0.055233
9.765,0.056768
9.77,0.056746
9.775,0.056374
9.78,0.055579
9.785,0.055742
9.79,0.060986
9.795,0.07188
9.8,0.084461
9.805,0.095083
9.81,0.1004
9.815,0.098851
9.82,0.092616
9.825,0.084357
9.83,0.075427
9.835,0.066087
9.84,0.055063
9.845,0.041361
9.85,0.02614
9.855,0.011703
9.86,0.00014401
9.865,-0.0098006
9.87,-0.022116
9.875,-0.037038
9.88,-0.051476
9.885,-0.063157
9.89,-0.071102
9.895,-0.076041
9.9,-0.080818
9.905,-0.088616
9.91,-0.09963
9.915,-0.11063
9.92,-0.1184
9.925,-0.12099
9.93,-0.11664
9.935,-0.10605
9.94,-0.092111
9.945,-0.07672
9.95,-0.061356
9.955,-0.047648
9.96,-0.036941
9.965,-0.029683
9.97,-0.024544
9.975,-0.02024
9.98,-0.017463
9.985,-0.018741
9.99,-0.025869
9.995,-0.03646
10,-0.047588
10.005,-0.059342
10.01,-0.072309
10.015,-0.085026
10.02,-0.094296
10.025,-0.098452
10.03,-0.099101
10.035,-0.098777
10.04,-0.097698
10.045,-0.094064
10.05,-0.086498
10.055,-0.075234
10.06,-0.06134
10.065,-0.04531
10.07,-0.028154
10.075,-0.011746
10.08,0.0034345
10.085,0.017274
10.09,0.029493
10.095,0.040844
10.1,0.053288
10.105,0.069321
10.11,0.086812
10.115,0.10047
10.12,0.10819
10.125,0.11051
10.13,0.10943
10.135,0.10539
10.14,0.09687
10.145,0.084283
10.15,0.069517
10.155,0.053717
10.16,0.037773
10.165,0.024281
10.17,0.014782
10.175,0.0083009
10.18,0.0043606
10.185,0.0032408
10.19,0.0039484
10.195,0.0046192
10.2,0.0052781
10.205,0.0080245
10.21,0.014014
10.215,0.02095
10.22,0.024668
10.225,0.023809
10.23,0.021454
10.235,0.021215
10.24,0.023383
10.245,0.02623
10.25,0.02929
10.255,0.031998
10.26,0.033481
10.265,0.034061
10.27,0.033836
10.275,0.032616
10.28,0.030801
10.285,0.029625
10.29,0.030647
10.295,0.036163
10.3,0.047449
10.305,0.062067
10.31,0.075546
10.315,0.08577
10.32,0.093355
10.325,0.097375
10.33,0.096462
10.335,0.091865
10.34,0.08429
10.345,0.073396
10.35,0.059676
10.355,0.043281
10.36,0.025614
10.365,0.0096266
10.37,-0.0023685
10.375,-0.010493
10.38,-0.016709
10.385,-0.021704
10.39,-0.024469
10.395,-0.025374
10.4,-0.027191
10.405,-0.030704
10.41,-0.033199
10.415,-0.03235
10.42,-0.028446
10.425,-0.02208
10.43,-0.013446
10.435,-0.0042253
10.44,0.0032409
10.445,0.0072409
10.45,0.007033
10.455,0.0032894
10.46,-0.0027724
10.465,-0.010915
10.47,-0.021486
10.475,-0.034596
10.48,-0.050649
10.485,-0.068489
10.49,-0.086014
10.495,-0.1014
10.5,-0.11238
10.505,-0.11955
10.51,-0.12574
10.515,-0.13304
10.52,-0.14086
10.525,-0.14584
10.53,-0.14619
10.535,-0.1424
10.54,-0.13524
10.545,-0.1261
10.55,-0.11736
10.555,-0.11065
10.56,-0.10353
10.565,-0.091975
10.57,-0.076971
10.575,-0.063427
10.58,-0.056333
10.585,-0.060775
10.59,-0.076493
10.595,-0.094431
10.6,-0.10437
10.605,-0.10318
10.61,-0.095208
10.615,-0.087368
10.62,-0.084605
10.625,-0.085276
10.63,-0.082324
10.635,-0.071934
10.64,-0.056854
10.645,-0.042064
10.65,-0.030094
10.655,-0.020337
10.66,-0.011206
10.665,-0.00022356
10.67,0.015796
10.675,0.036801
10.68,0.057933
10.685,0.073975
10.69,0.083018
10.695,0.085392
10.7,0.083164
10.705,0.079284
10.71,0.074329
10.715,0.067405
10.72,0.05895
10.725,0.050481
10.73,0.042052
10.735,0.032966
10.74,0.024708
10.745,0.020393
10.75,0.023629
10.755,0.034294
10.76,0.045968
10.765,0.053769
10.77,0.057937
10.775,0.0581
10.78,0.052289
10.785,0.041035
10.79,0.029209
10.795,0.021841
10.8,0.020833
10.805,0.025291
10.81,0.03166
10.815,0.036622
10.82,0.037208
10.825,0.031468
10.83,0.021886
10.835,0.01227
10.84,0.0044711
10.845,-0.00057375
10.85,-0.0030315
10.855,-0.0040196
10.86,-0.00543
10.865,-0.0096575
10.87,-0.016006
10.875,-0.02279
10.88,-0.030701
10.885,-0.040415
10.89,-0.051124
10.895,-0.061515
10.9,-0.071266
10.905,-0.080262
10.91,-0.087942
10.915,-0.092555
10.92,-0.091818
10.925,-0.084426
10.93,-0.070078
10.935,-0.051106
10.94,-0.030615
10.945,-0.0097804
10.95,0.010533
10.955,0.028108
10.96,0.039538
10.965,0.043497
10.97,0.042587
10.975,0.040672
10.98,0.03875
10.985,0.033663
10.99,0.022838
10.995,0.00743
11,-0.0099626
11.005,-0.026296
11.01,-0.038808
11.015,-0.046971
11.02,-0.050273
11.025,-0.047898
11.03,-0.041726
11.035,-0.032635
11.04,-0.020075
11.045,-0.0056691
11.05,0.0085369
11.055,0.020491
11.06,0.02925
11.065,0.037168
11.07,0.047533
11.075,0.060497
11.08,0.073089
11.085,0.081711
11.09,0.083826
11.095,0.081597
11.1,0.080092
11.105,0.082297
11.11,0.088993
11.115,0.098105
11.12,0.10605
11.125,0.11118
11.13,0.11166
11.135,0.10501
11.14,0.091915
11.145,0.073732
11.15,0.051145
11.155,0.026995
11.16,0.0053416
11.165,-0.012144
11.17,-0.025662
11.175,-0.033415
11.18,-0.033899
11.185,-0.028527
11.19,-0.019124
11.195,-0.0076831
11.2,0.0034016
11.205,0.012639
11.21,0.018755
11.215,0.020976
11.22,0.020512
11.225,0.020104
11.23,0.020479
11.235,0.02123
11.24,0.024206
11.245,0.029877
11.25,0.035387
11.255,0.036109
11.26,0.029249
11.265,0.016957
11.27,0.0028357
11.275,-0.011513
11.28,-0.025683
11.285,-0.036961
11.29,-0.042076
11.295,-0.039399
11.3,-0.029855
11.305,-0.017693
11.31,-0.0076144
11.315,-0.0049017
11.32,-0.011206
11.325,-0.020229
11.33,-0.02526
11.335,-0.026073
11.34,-0.02525
11.345,-0.02512
11.35,-0.026956
11.355,-0.029062
11.36,-0.028419
11.365,-0.02346
11.37,-0.014286
11.375,-0.0019344
11.38,0.01113
11.385,0.022297
11.39,0.030853
11.395,0.037319
11.4,0.040992
11.405,0.040492
11.41,0.035083
11.415,0.024444
11.42,0.010707
11.425,-0.0022494
11.43,-0.011735
11.435,-0.01714
11.44,-0.019031
11.445,-0.018757
11.45,-0.017007
11.455,-0.013416
11.46,-0.0091104
11.465,-0.0052665
11.47,-0.0039975
11.475,-0.0086425
11.48,-0.016332
11.485,-0.021696
11.49,-0.024644
11.495,-0.025297
11.5,-0.023101
11.505,-0.020262
11.51,-0.019801
11.515,-0.022624
11.52,-0.027606
11.525,-0.032579
11.53,-0.034069
11.535,-0.031284
11.54,-0.028199
11.545,-0.026687
11.55,-0.02569
11.555,-0.023678
11.56,-0.018732
11.565,-0.010231
11.57,0.0030806
11.575,0.021082
11.58,0.040452
11.585,0.058083
11.59,0.071764
11.595,0.080801
11.6,0.085077
11.605,0.082551
11.61,0.074019
11.615,0.064264
11.62,0.057126
11.625,0.053336
11.63,0.048889
11.635,0.040446
11.64,0.02943
11.645,0.018124
11.65,0.0088379
11.655,0.0036806
11.66,0.0025366
11.665,0.0034801
11.67,0.0016975
11.675,-0.0063314
11.68,-0.018436
11.685,-0.032252
11.69,-0.045299
11.695,-0.05395
11.7,-0.057563
11.705,-0.05855
11.71,-0.058639
11.715,-0.05706
11.72,-0.052719
11.725,-0.047121
11.73,-0.041523
11.735,-0.035179
11.74,-0.028359
11.745,-0.021873
11.75,-0.019132
11.755,-0.02374
11.76,-0.034332
11.765,-0.047448
11.77,-0.059414
11.775,-0.067489
11.78,-0.070337
11.785,-0.069935
11.79,-0.070297
11.795,-0.072536
11.8,-0.07567
11.805,-0.076457
11.81,-0.071098
11.815,-0.058859
11.82,-0.041559
11.825,-0.021815
11.83,-0.0022618
11.835,0.016426
11.84,0.034876
11.845,0.054278
11.85,0.074906
11.855,0.092892
11.86,0.10253
11.865,0.099041
11.87,0.085096
11.875,0.071132
11.88,0.064617
11.885,0.066023
11.89,0.070308
11.895,0.072372
11.9,0.071043
11.905,0.067442
11.91,0.064253
11.915,0.063149
11.92,0.064372
11.925,0.066955
11.93,0.067986
11.935,0.064245
11.94,0.05483
11.945,0.043068
11.95,0.033401
11.955,0.029501
11.96,0.034539
11.965,0.046783
11.97,0.060472
11.975,0.072633
11.98,0.081044
11.985,0.081497
11.99,0.075181
11.995,0.067826
12,0.063474
12.005,0.065296
12.01,0.07373
12.015,0.08663
12.02,0.10185
12.025,0.11783
12.03,0.13177
12.035,0.1398
12.04,0.14297
12.045,0.14396
12.05,0.14508
12.055,0.14999
12.06,0.15968
12.065,0.17297
12.07,0.1872
12.075,0.19992
12.08,0.2097
12.085,0.21486
12.09,0.2137
12.095,0.20665
12.1,0.19697
12.105,0.18754
12.11,0.17995
12.115,0.17351
12.12,0.16592
12.125,0.15903
12.13,0.15522
12.135,0.15038
12.14,0.14097
12.145,0.12974
12.15,0.12158
12.155,0.12232
12.16,0.13705
12.165,0.16356
12.17,0.19049
12.175,0.20701
12.18,0.20806
12.185,0.19369
12.19,0.17167
12.195,0.15034
12.2,0.12975
12.205,0.10248
12.21,0.064134
12.215,0.022305
12.22,-0.011141
12.225,-0.033988
12.23,-0.047699
12.235,-0.052836
12.24,-0.05404
12.245,-0.05541
12.25,-0.057446
12.255,-0.059571
12.26,-0.062536
12.265,-0.064764
12.27,-0.066696
12.275,-0.071627
12.28,-0.080235
12.285,-0.091783
12.29,-0.10156
12.295,-0.10396
12.3,-0.096947
12.305,-0.08393
12.31,-0.073102
12.315,-0.069157
12.32,-0.070461
12.325,-0.071135
12.33,-0.070037
12.335,-0.072134
12.34,-0.078104
12.345,-0.08568
12.35,-0.092439
12.355,-0.094916
12.36,-0.090463
12.365,-0.080112
12.37,-0.06661
12.375,-0.052256
12.38,-0.037185
12.385,-0.019588
12.39,0.00076823
12.395,0.020797
12.4,0.033989
12.405,0.031901
12.41,0.009649
12.415,-0.024997
12.42,-0.058846
12.425,-0.083354
12.43,-0.09489
12.435,-0.096795
12.44,-0.094461
12.445,-0.087987
12.45,-0.073363
12.455,-0.047125
12.46,-0.0096296
12.465,0.031201
12.47,0.06482
12.475,0.087572
12.48,0.098791
12.485,0.099105
12.49,0.092712
12.495,0.082563
12.5,0.070432
12.505,0.05723
12.51,0.041513
12.515,0.023379
12.52,0.0044286
12.525,-0.013153
12.53,-0.027759
12.535,-0.04037
12.54,-0.052787
12.545,-0.065607
12.55,-0.076638
12.555,-0.084063
12.56,-0.08769
12.565,-0.089655
12.57,-0.093825
12.575,-0.1015
12.58,-0.10966
12.585,-0.11494
12.59,-0.11842
12.595,-0.1234
12.6,-0.13137
12.605,-0.13903
12.61,-0.14422
12.615,-0.15059
12.62,-0.16255
12.625,-0.18003
12.63,-0.19857
12.635,-0.2139
12.64,-0.22372
12.645,-0.22839
12.65,-0.22925
12.655,-0.23012
12.66,-0.23352
12.665,-0.23585
12.67,-0.23455
12.675,-0.22895
12.68,-0.21928
12.685,-0.20718
12.69,-0.19473
12.695,-0.18319
12.7,-0.17193
12.705,-0.16073
12.71,-0.15032
12.715,-0.13863
12.72,-0.12047
12.725,-0.089766
12.73,-0.047733
12.735,-0.005539
12.74,0.028615
12.745,0.052855
12.75,0.070184
12.755,0.086008
12.76,0.10098
12.765,0.11247
12.77,0.11911
12.775,0.12249
12.78,0.1245
12.785,0.12305
12.79,0.11595
12.795,0.10518
12.8,0.093894
12.805,0.083751
12.81,0.075255
12.815,0.070595
12.82,0.07001
12.825,0.071796
12.83,0.079697
12.835,0.096001
12.84,0.11734
12.845,0.14034
12.85,0.16416
12.855,0.1899
12.86,0.21513
12.865,0.23571
12.87,0.25014
12.875,0.25805
12.88,0.26082
12.885,0.25877
12.89,0.25024
12.895,0.23287
12.9,0.20688
12.905,0.17428
12.91,0.1363
12.915,0.096033
12.92,0.052661
12.925,0.0038333
12.93,-0.044424
12.935,-0.083859
12.94,-0.1129
12.945,-0.13469
12.95,-0.15293
12.955,-0.17034
12.96,-0.18741
12.965,-0.20109
12.97,-0.20929
12.975,-0.21357
12.98,-0.21486
12.985,-0.21321
12.99,-0.2091
12.995,-0.20225
13,-0.1916
13.005,-0.17812
13.01,-0.16648
13.015,-0.16267
13.02,-0.16931
13.025,-0.18269
13.03,-0.19685
13.035,-0.20819
13.04,-0.21651
13.045,-0.22218
13.05,-0.22553
13.055,-0.22859
13.06,-0.22943
13.065,-0.22517
13.07,-0.21611
13.075,-0.202
13.08,-0.18457
13.085,-0.16627
13.09,-0.14713
13.095,-0.12815
13.1,-0.10903
13.105,-0.088317
13.11,-0.067688
13.115,-0.050381
13.12,-0.040108
13.125,-0.040043
13.13,-0.047962
13.135,-0.057199
13.14,-0.066074
13.145,-0.077056
13.15,-0.090906
13.155,-0.10653
13.16,-0.1208
13.165,-0.13116
13.17,-0.1365
13.175,-0.13399
13.18,-0.12072
13.185,-0.096312
13.19,-0.063349
13.195,-0.026271
13.2,0.010257
13.205,0.040977
13.21,0.062855
13.215,0.076158
13.22,0.081441
13.225,0.079206
13.23,0.072036
13.235,0.062206
13.24,0.050053
13.245,0.037496
13.25,0.025619
13.255,0.014682
13.26,0.0062582
13.265,0.00081736
13.27,-0.00015069
13.275,0.0048235
13.28,0.01649
13.285,0.035269
13.29,0.0574
13.295,0.077086
13.3,0.092469
13.305,0.1043
13.31,0.11287
13.315,0.1183
13.32,0.11866
13.325,0.11136
13.33,0.09622
13.335,0.075957
13.34,0.055506
13.345,0.039123
13.35,0.02938
13.355,0.026425
13.36,0.025694
13.365,0.022771
13.37,0.017168
13.375,0.010942
13.38,0.0073097
13.385,0.0065575
13.39,0.007813
13.395,0.011995
13.4,0.021069
13.405,0.035635
13.41,0.052307
13.415,0.069121
13.42,0.085967
13.425,0.10006
13.43,0.10944
13.435,0.11414
13.44,0.11439
13.445,0.11212
13.45,0.11086
13.455,0.1114
13.46,0.11256
13.465,0.11354
13.47,0.11428
13.475,0.11648
13.48,0.12155
13.485,0.12839
13.49,0.13304
13.495,0.13304
13.5,0.12902
13.505,0.12292
13.51,0.11819
13.515,0.11788
13.52,0.12271
13.525,0.1317
13.53,0.14205
13.535,0.15028
13.54,0.15486
13.545,0.15628
13.55,0.15625
13.555,0.1558
13.56,0.15169
13.565,0.13985
13.57,0.12134
13.575,0.10121
13.58,0.084292
13.585,0.074141
13.59,0.072855
13.595,0.079997
13.6,0.092078
13.605,0.10298
13.61,0.10977
13.615,0.11312
13.62,0.11445
13.625,0.11628
13.63,0.12041
13.635,0.12575
13.64,0.13074
13.645,0.13712
13.65,0.14598
13.655,0.15657
13.66,0.16718
13.665,0.17376
13.67,0.17351
13.675,0.16733
13.68,0.15786
13.685,0.14572
13.69,0.13068
13.695,0.11456
13.7,0.099179
13.705,0.086369
13.71,0.078562
13.715,0.076383
13.72,0.077255
13.725,0.077609
13.73,0.077104
13.735,0.077501
13.74,0.07998
13.745,0.084021
13.75,0.088176
13.755,0.091684
13.76,0.09511
13.765,0.10151
13.77,0.11125
13.775,0.11873
13.78,0.11891
13.785,0.11238
13.79,0.10185
13.795,0.091989
13.8,0.086695
13.805,0.084726
13.81,0.083936
13.815,0.08169
13.82,0.076154
13.825,0.067737
13.83,0.057694
13.835,0.048195
13.84,0.040932
13.845,0.0362
13.85,0.034468
13.855,0.036398
13.86,0.038916
13.865,0.035873
13.87,0.024497
13.875,0.0097438
13.88,-0.0025322
13.885,-0.013163
13.89,-0.024589
13.895,-0.037124
13.9,-0.051327
13.905,-0.067064
13.91,-0.083115
13.915,-0.099782
13.92,-0.11751
13.925,-0.13432
13.93,-0.14889
13.935,-0.16314
13.94,-0.18049
13.945,-0.20033
13.95,-0.21792
13.955,-0.22892
13.96,-0.23034
13.965,-0.22234
13.97,-0.20959
13.975,-0.1974
13.98,-0.18605
13.985,-0.17282
13.99,-0.15554
13.995,-0.1353
14,-0.11629
14.005,-0.10223
14.01,-0.094892
14.015,-0.093374
14.02,-0.09487
14.025,-0.095667
14.03,-0.094059
14.035,-0.091919
14.04,-0.093146
14.045,-0.10153
14.05,-0.11582
14.055,-0.13192
14.06,-0.14684
14.065,-0.15865
14.07,-0.16909
14.075,-0.18022
14.08,-0.19244
14.085,-0.20363
14.09,-0.20974
14.095,-0.21162
14.1,-0.21237
14.105,-0.2136
14.11,-0.21565
14.115,-0.21807
14.12,-0.22056
14.125,-0.22083
14.13,-0.21637
14.135,-0.20756
14.14,-0.19657
14.145,-0.18543
14.15,-0.17531
14.155,-0.16544
14.16,-0.15352
14.165,-0.13897
14.17,-0.12321
14.175,-0.10923
14.18,-0.10048
14.185,-0.098812
14.19,-0.10213
14.195,-0.10605
14.2,-0.10909
14.205,-0.11181
14.21,-0.11384
14.215,-0.11351
14.22,-0.10799
14.225,-0.095908
14.23,-0.079925
14.235,-0.063505
14.24,-0.048063
14.245,-0.034072
14.25,-0.023558
14.255,-0.020301
14.26,-0.023392
14.265,-0.025891
14.27,-0.024373
14.275,-0.018915
14.28,-0.0099141
14.285,-0.0009939
14.29,0.0042905
14.295,0.00505
14.3,0.0035743
14.305,0.0034316
14.31,0.0045968
14.315,0.0052669
14.32,0.0053364
14.325,0.005196
14.33,0.003863
14.335,0.0010585
14.34,-0.0016429
14.345,-0.0034801
14.35,-0.0041709
14.355,-0.0038891
14.36,-0.002544
14.365,0.00076932
14.37,0.0063168
14.375,0.014076
14.38,0.021398
14.385,0.024993
14.39,0.025439
14.395,0.024832
14.4,0.024859
14.405,0.026881
14.41,0.030378
14.415,0.035016
14.42,0.039502
14.425,0.040587
14.43,0.039639
14.435,0.038909
14.44,0.039125
14.445,0.042357
14.45,0.048927
14.455,0.058526
14.46,0.069949
14.465,0.079687
14.47,0.086022
14.475,0.089933
14.48,0.092364
14.485,0.092139
14.49,0.086645
14.495,0.077481
14.5,0.069685
14.505,0.065847
14.51,0.06564
14.515,0.067738
14.52,0.070962
14.525,0.074353
14.53,0.07758
14.535,0.082021
14.54,0.089798
14.545,0.10026
14.55,0.11121
14.555,0.12251
14.56,0.13477
14.565,0.14612
14.57,0.15392
14.575,0.15873
14.58,0.16175
14.585,0.16284
14.59,0.16039
14.595,0.15446
14.6,0.1496
14.605,0.14655
14.61,0.14379
14.615,0.14425
14.62,0.14762
14.625,0.15003
14.63,0.15117
14.635,0.15109
14.64,0.14768
14.645,0.13947
14.65,0.127
14.655,0.11317
14.66,0.10171
14.665,0.094038
14.67,0.089947
14.675,0.090196
14.68,0.093784
14.685,0.099295
14.69,0.10836
14.695,0.12053
14.7,0.13323
14.705,0.14438
14.71,0.15038
14.715,0.1508
14.72,0.14962
14.725,0.15023
14.73,0.15248
14.735,0.15287
14.74,0.14783
14.745,0.13748
14.75,0.12538
14.755,0.11534
14.76,0.10919
14.765,0.10672
14.77,0.10826
14.775,0.11452
14.78,0.12305
14.785,0.12994
14.79,0.13526
14.795,0.14017
14.8,0.14414
14.805,0.14782
14.81,0.15217
14.815,0.15785
14.82,0.16357
14.825,0.16652
14.83,0.16624
14.835,0.16272
14.84,0.15386
14.845,0.13881
14.85,0.12036
14.855,0.10128
14.86,0.081801
14.865,0.061622
14.87,0.043689
14.875,0.030543
14.88,0.020812
14.885,0.014457
14.89,0.012682
14.895,0.01391
14.9,0.015419
14.905,0.017172
14.91,0.019989
14.915,0.02346
14.92,0.027074
14.925,0.030675
14.93,0.03416
14.935,0.035907
14.94,0.032811
14.945,0.023337
14.95,0.010123
14.955,-0.0032304
14.96,-0.014979
14.965,-0.024393
14.97,-0.029741
14.975,-0.028323
14.98,-0.021452
14.985,-0.011432
14.99,0.00032737
14.995,0.011347
15,0.020745
15.005,0.026182
15.01,0.024897
15.015,0.018185
15.02,0.0092299
15.025,0.0011253
15.03,-0.0057883
15.035,-0.013139
15.04,-0.020302
15.045,-0.027306
15.05,-0.035071
15.055,-0.043202
15.06,-0.051967
15.065,-0.062759
15.07,-0.075302
15.075,-0.087184
15.08,-0.095814
15.085,-0.098989
15.09,-0.096634
15.095,-0.090963
15.1,-0.085406
15.105,-0.081705
15.11,-0.077945
15.115,-0.07189
15.12,-0.065507
15.125,-0.061346
15.13,-0.057942
15.135,-0.056756
15.14,-0.061835
15.145,-0.073975
15.15,-0.090451
15.155,-0.10759
15.16,-0.12492
15.165,-0.14282
15.17,-0.16093
15.175,-0.18007
15.18,-0.20034
15.185,-0.21915
15.19,-0.23268
15.195,-0.23885
15.2,-0.24053
15.205,-0.2423
15.21,-0.24426
15.215,-0.24488
15.22,-0.242
15.225,-0.23519
15.23,-0.22738
15.235,-0.21912
15.24,-0.20869
15.245,-0.19095
15.25,-0.16292
15.255,-0.12969
15.26,-0.096248
15.265,-0.066748
15.27,-0.044471
15.275,-0.028091
15.28,-0.016669
15.285,-0.011933
15.29,-0.015838
15.295,-0.023248
15.3,-0.026661
15.305,-0.025922
15.31,-0.022205
15.315,-0.018887
15.32,-0.018255
15.325,-0.019383
15.33,-0.023134
15.335,-0.03029
15.34,-0.04002
15.345,-0.050786
15.35,-0.063161
15.355,-0.075714
15.36,-0.085987
15.365,-0.092519
15.37,-0.094091
15.375,-0.093372
15.38,-0.091449
15.385,-0.088409
15.39,-0.086219
15.395,-0.083626
15.4,-0.078713
15.405,-0.072671
15.41,-0.06812
15.415,-0.068015
15.42,-0.072286
15.425,-0.07607
15.43,-0.076172
15.435,-0.072578
15.44,-0.067917
15.445,-0.066562
15.45,-0.068777
15.455,-0.073657
15.46,-0.079838
15.465,-0.084703
15.47,-0.087599
15.475,-0.085915
15.48,-0.074868
15.485,-0.054058
15.49,-0.028833
15.495,-0.0053215
15.5,0.011532
15.505,0.017898
15.51,0.016476
15.515,0.014036
15.52,0.014807
15.525,0.020356
15.53,0.030557
15.535,0.044411
15.54,0.058816
15.545,0.07022
15.55,0.077905
15.555,0.082696
15.56,0.086107
15.565,0.088979
15.57,0.091946
15.575,0.094179
15.58,0.092566
15.585,0.084652
15.59,0.067645
15.595,0.042032
15.6,0.011762
15.605,-0.017444
15.61,-0.042767
15.615,-0.062836
15.62,-0.075294
15.625,-0.082576
15.63,-0.084986
15.635,-0.081192
15.64,-0.071574
15.645,-0.055565
15.65,-0.033288
15.655,-0.0085823
15.66,0.012936
15.665,0.030293
15.67,0.043067
15.675,0.051956
15.68,0.060811
15.685,0.070716
15.69,0.078477
15.695,0.077553
15.7,0.065079
15.705,0.045793
15.71,0.024944
15.715,0.0045633
15.72,-0.012326
15.725,-0.023356
15.73,-0.030427
15.735,-0.036489
15.74,-0.043309
15.745,-0.050976
15.75,-0.056845
15.755,-0.058191
15.76,-0.054171
15.765,-0.044075
15.77,-0.027472
15.775,-0.0058542
15.78,0.016176
15.785,0.0355
15.79,0.052205
15.795,0.066011
15.8,0.076825
15.805,0.085397
15.81,0.092663
15.815,0.096355
15.82,0.09364
15.825,0.085378
15.83,0.074532
15.835,0.064323
15.84,0.055168
15.845,0.047938
15.85,0.044181
15.855,0.043267
15.86,0.043133
15.865,0.044844
15.87,0.051139
15.875,0.059297
15.88,0.068691
15.885,0.081624
15.89,0.097811
15.895,0.11389
15.9,0.12687
15.905,0.13717
15.91,0.14336
15.915,0.14145
15.92,0.13179
15.925,0.1222
15.93,0.11696
15.935,0.11582
15.94,0.11673
15.945,0.1168
15.95,0.1168
15.955,0.11504
15.96,0.11287
15.965,0.11538
15.97,0.123
15.975,0.13438
15.98,0.1463
15.985,0.15715
15.99,0.16779
15.995,0.1781
16,0.18747
16.005,0.19245
16.01,0.19196
16.015,0.18858
16.02,0.18272
16.025,0.17078
16.03,0.14615
16.035,0.10656
16.04,0.056146
16.045,-0.0016421
16.05,-0.061134
16.055,-0.1103
16.06,-0.14152
16.065,-0.16032
16.07,-0.17524
16.075,-0.18885
16.08,-0.19921
16.085,-0.20235
16.09,-0.19967
16.095,-0.19591
16.1,-0.19174
16.105,-0.18481
16.11,-0.17295
16.115,-0.15637
16.12,-0.13887
16.125,-0.12578
16.13,-0.12315
16.135,-0.132
16.14,-0.1456
16.145,-0.15691
16.15,-0.16384
16.155,-0.1709
16.16,-0.18242
16.165,-0.1979
16.17,-0.21318
16.175,-0.22247
16.18,-0.22263
16.185,-0.21448
16.19,-0.20158
16.195,-0.18556
16.2,-0.16734
16.205,-0.14711
16.21,-0.12157
16.215,-0.088174
16.22,-0.048186
16.225,-0.010588
16.23,0.017356
16.235,0.036277
16.24,0.044655
16.245,0.044439
16.25,0.045043
16.255,0.050471
16.26,0.0613
16.265,0.075404
16.27,0.088141
16.275,0.09854
16.28,0.10793
16.285,0.11696
16.29,0.12482
16.295,0.13097
16.3,0.13497
16.305,0.13793
16.31,0.1392
16.315,0.13588
16.32,0.12629
16.325,0.11074
16.33,0.089553
16.335,0.0594
16.34,0.017445
16.345,-0.033187
16.35,-0.079817
16.355,-0.10536
16.36,-0.10727
16.365,-0.093465
16.37,-0.070955
16.375,-0.048505
16.38,-0.028449
16.385,-0.0098683
16.39,0.0040603
16.395,0.015933
16.4,0.02656
16.405,0.031423
16.41,0.032881
16.415,0.033238
16.42,0.031044
16.425,0.025948
16.43,0.015439
16.435,-0.0016364
16.44,-0.021577
16.445,-0.044225
16.45,-0.067264
16.455,-0.088757
16.46,-0.11043
16.465,-0.12879
16.47,-0.14339
16.475,-0.15468
16.48,-0.16214
16.485,-0.1666
16.49,-0.1663
16.495,-0.16005
16.5,-0.14848
16.505,-0.13357
16.51,-0.11779
16.515,-0.10399
16.52,-0.09435
16.525,-0.088655
16.53,-0.087946
16.535,-0.093563
16.54,-0.10217
16.545,-0.11194
16.55,-0.12376
16.555,-0.1364
16.56,-0.14854
16.565,-0.15972
16.57,-0.16958
16.575,-0.17801
16.58,-0.18504
16.585,-0.18989
16.59,-0.19211
16.595,-0.19197
16.6,-0.19123
16.605,-0.19046
16.61,-0.18801
16.615,-0.18411
16.62,-0.17882
16.625,-0.17225
16.63,-0.16605
16.635,-0.15999
16.64,-0.15256
16.645,-0.14239
16.65,-0.13195
16.655,-0.12341
16.66,-0.11593
16.665,-0.11245
16.67,-0.11218
16.675,-0.11428
16.68,-0.11863
16.685,-0.12193
16.69,-0.12446
16.695,-0.12607
16.7,-0.12789
16.705,-0.12932
16.71,-0.12814
16.715,-0.12463
16.72,-0.11926
16.725,-0.11393
16.73,-0.10967
16.735,-0.10787
16.74,-0.10764
16.745,-0.10566
16.75,-0.10036
16.755,-0.089228
16.76,-0.074837
16.765,-0.06402
16.77,-0.057098
16.775,-0.050773
16.78,-0.046485
16.785,-0.043211
16.79,-0.036168
16.795,-0.028328
16.8,-0.022945
16.805,-0.01356
16.81,0.0031229
16.815,0.015517
16.82,0.015237
16.825,0.0090399
16.83,0.0090308
16.835,0.015002
16.84,0.017633
16.845,0.01346
16.85,0.0012903
16.855,-0.012611
16.86,-0.023737
16.865,-0.034036
16.87,-0.040235
16.875,-0.041878
16.88,-0.040294
16.885,-0.034272
16.89,-0.026013
16.895,-0.015759
16.9,-0.0044794
16.905,0.0030854
16.91,0.0079038
16.915,0.01161
16.92,0.013133
16.925,0.015754
16.93,0.019675
16.935,0.024829
16.94,0.032685
16.945,0.03723
16.95,0.037915
16.955,0.037622
16.96,0.035601
16.965,0.033804
16.97,0.033353
16.975,0.035357
16.98,0.038905
16.985,0.040583
16.99,0.04229
16.995,0.045499
17,0.048628
17.005,0.051152
17.01,0.050874
17.015,0.046467
17.02,0.037975
17.025,0.022695
17.03,0.0031589
17.035,-0.013557
17.04,-0.025165
17.045,-0.028688
17.05,-0.024949
17.055,-0.020618
17.06,-0.01861
17.065,-0.01848
17.07,-0.017485
17.075,-0.014826
17.08,-0.011467
17.085,-0.0052139
17.09,0.0032166
17.095,0.01215
17.1,0.021117
17.105,0.027058
17.11,0.029759
17.115,0.030585
17.12,0.029408
17.125,0.025921
17.13,0.022193
17.135,0.02156
17.14,0.022346
17.145,0.022299
17.15,0.023159
17.155,0.025358
17.16,0.029596
17.165,0.035496
17.17,0.04003
17.175,0.041407
17.18,0.040954
17.185,0.041448
17.19,0.043036
17.195,0.046486
17.2,0.051769
17.205,0.059941
17.21,0.069939
17.215,0.078877
17.22,0.086812
17.225,0.09144
17.23,0.09328
17.235,0.092737
17.24,0.088451
17.245,0.083327
17.25,0.078274
17.255,0.070096
17.26,0.058451
17.265,0.046171
17.27,0.033656
17.275,0.020274
17.28,0.0070411
17.285,-0.0065088
17.29,-0.020764
17.295,-0.035298
17.3,-0.049935
17.305,-0.061441
17.31,-0.066421
17.315,-0.064887
17.32,-0.059872
17.325,-0.055905
17.33,-0.054466
17.335,-0.055052
17.34,-0.055933
17.345,-0.055174
17.35,-0.056535
17.355,-0.058038
17.36,-0.055118
17.365,-0.050075
17.37,-0.042646
17.375,-0.032182
17.38,-0.018823
17.385,-0.0050213
17.39,0.0048855
17.395,0.010322
17.4,0.012449
17.405,0.010429
17.41,0.0081248
17.415,0.0084006
17.42,0.007785
17.425,0.0076002
17.43,0.0086171
17.435,0.011637
17.44,0.016406
17.445,0.018315
17.45,0.019539
17.455,0.01905
17.46,0.013437
17.465,0.0059331
17.47,-0.0030785
17.475,-0.010905
17.48,-0.013458
17.485,-0.013188
17.49,-0.012508
17.495,-0.0096042
17.5,-0.0035948
17.505,0.0063157
17.51,0.018946
17.515,0.029417
17.52,0.036575
17.525,0.043469
17.53,0.050854
17.535,0.05672
17.54,0.061517
17.545,0.066071
17.55,0.069436
17.555,0.070995
17.56,0.073639
17.565,0.078089
17.57,0.082885
17.575,0.08758
17.58,0.090216
17.585,0.09265
17.59,0.0956
17.595,0.096525
17.6,0.096505
17.605,0.09728
17.61,0.099718
17.615,0.10339
17.62,0.10611
17.625,0.10817
17.63,0.10912
17.635,0.10997
17.64,0.11239
17.645,0.11412
17.65,0.11353
17.655,0.11252
17.66,0.11279
17.665,0.11165
17.67,0.11006
17.675,0.11054
17.68,0.1107
17.685,0.11088
17.69,0.1111
17.695,0.11065
17.7,0.11223
17.705,0.11461
17.71,0.1166
17.715,0.11823
17.72,0.11933
17.725,0.11796
17.73,0.11229
17.735,0.10372
17.74,0.09545
17.745,0.089339
17.75,0.083518
17.755,0.078268
17.76,0.073246
17.765,0.06905
17.77,0.067659
17.775,0.068004
17.78,0.069564
17.785,0.070679
17.79,0.069917
17.795,0.068405
17.8,0.065416
17.805,0.062014
17.81,0.059256
17.815,0.057009
17.82,0.0549
17.825,0.050083
17.83,0.043559
17.835,0.037922
17.84,0.034377
17.845,0.034776
17.85,0.036861
17.855,0.039312
17.86,0.042048
17.865,0.041783
17.87,0.038159
17.875,0.033335
17.88,0.029523
17.885,0.025013
17.89,0.019909
17.895,0.017414
17.9,0.016684
17.905,0.015949
17.91,0.014892
17.915,0.014036
17.92,0.011255
17.925,0.006654
17.93,0.0044552
17.935,0.0045233
17.94,0.0041408
17.945,0.0018237
17.95,-0.00074663
17.955,-0.0019986
17.96,-0.0032465
17.965,-0.0023784
17.97,0.0007036
17.975,0.0027628
17.98,0.0047218
17.985,0.0063335
17.99,0.0037454
17.995,-0.0016233
18,-0.0080669
18.005,-0.015384
18.01,-0.019995
18.015,-0.021578
18.02,-0.022485
18.025,-0.025529
18.03,-0.027977
18.035,-0.02757
18.04,-0.028317
18.045,-0.031482
18.05,-0.03755
18.055,-0.045702
18.06,-0.052513
18.065,-0.055287
18.07,-0.054029
18.075,-0.050495
18.08,-0.045468
18.085,-0.040042
18.09,-0.036118
18.095,-0.03322
18.1,-0.029256
18.105,-0.023242
18.11,-0.015276
18.115,-0.0079959
18.12,-0.0043361
18.125,-0.0040165
18.13,-0.004762
18.135,-0.0047186
18.14,-0.003748
18.145,-0.0035793
18.15,-0.0064809
18.155,-0.009898
18.16,-0.0091127
18.165,-0.0042741
18.17,-0.0015175
18.175,-0.0060538
18.18,-0.015071
18.185,-0.024141
18.19,-0.031312
18.195,-0.03612
18.2,-0.039631
18.205,-0.042858
18.21,-0.044485
18.215,-0.044033
18.22,-0.042447
18.225,-0.040843
18.23,-0.039293
18.235,-0.034796
18.24,-0.025766
18.245,-0.012262
18.25,0.0017903
18.255,0.010698
18.26,0.013892
18.265,0.012498
18.27,0.010423
18.275,0.010546
18.28,0.011494
18.285,0.014444
18.29,0.017238
18.295,0.019276
18.3,0.022019
18.305,0.025302
18.31,0.031443
18.315,0.038028
18.32,0.042341
18.325,0.04485
18.33,0.045949
18.335,0.046663
18.34,0.0474
18.345,0.048185
18.35,0.048207
18.355,0.050778
18.36,0.057337
18.365,0.06251
18.37,0.066516
18.375,0.069205
18.38,0.068491
18.385,0.06472
18.39,0.058134
18.395,0.050876
18.4,0.043437
18.405,0.036872
18.41,0.032338
18.415,0.029943
18.42,0.031538
18.425,0.036942
18.43,0.044758
18.435,0.05243
18.44,0.055214
18.445,0.050408
18.45,0.041927
18.455,0.03691
18.46,0.036662
18.465,0.037958
18.47,0.039882
18.475,0.041113
18.48,0.040644
18.485,0.038316
18.49,0.034181
18.495,0.028585
18.5,0.022217
18.505,0.018458
18.51,0.015741
18.515,0.01245
18.52,0.0092136
18.525,0.0047894
18.53,0.00083995
18.535,-0.00071724
18.54,0.00093012
18.545,0.0031486
18.55,0.0046424
18.555,0.007704
18.56,0.012516
18.565,0.018841
18.57,0.02657
18.575,0.032464
18.58,0.034546
18.585,0.034825
18.59,0.033787
18.595,0.0333
18.6,0.033881
18.605,0.035109
18.61,0.037046
18.615,0.039247
18.62,0.040766
18.625,0.039114
18.63,0.036286
18.635,0.03639
18.64,0.039308
18.645,0.043002
18.65,0.04687
18.655,0.049082
18.66,0.047663
18.665,0.040436
18.67,0.028107
18.675,0.015049
18.68,0.0027026
18.685,-0.0076734
18.69,-0.015811
18.695,-0.022051
18.7,-0.025962
18.705,-0.027497
18.71,-0.027474
18.715,-0.027957
18.72,-0.028495
18.725,-0.028665
18.73,-0.029079
18.735,-0.029065
18.74,-0.028512
18.745,-0.027648
18.75,-0.025808
18.755,-0.022298
18.76,-0.017331
18.765,-0.014213
18.77,-0.01331
18.775,-0.012032
18.78,-0.011365
18.785,-0.012138
18.79,-0.014351
18.795,-0.017099
18.8,-0.019696
18.805,-0.022754
18.81,-0.025947
18.815,-0.027907
18.82,-0.028754
18.825,-0.029221
18.83,-0.028566
18.835,-0.026221
18.84,-0.024599
18.845,-0.025175
18.85,-0.025297
18.855,-0.02607
18.86,-0.027691
18.865,-0.0285
18.87,-0.028854
18.875,-0.028516
18.88,-0.028083
18.885,-0.026808
18.89,-0.025982
18.895,-0.028234
18.9,-0.033514
18.905,-0.038434
18.91,-0.04132
18.915,-0.043579
18.92,-0.045265
18.925,-0.045726
18.93,-0.043027
18.935,-0.035165
18.94,-0.021828
18.945,-0.0074097
18.95,0.004856
18.955,0.012407
18.96,0.011395
18.965,0.0034105
18.97,-0.0079247
18.975,-0.017536
18.98,-0.023861
18.985,-0.029814
18.99,-0.034952
18.995,-0.038311
19,-0.040764
19.005,-0.042913
19.01,-0.044986
19.015,-0.04614
19.02,-0.046564
19.025,-0.048696
19.03,-0.053942
19.035,-0.06004
19.04,-0.06485
19.045,-0.069348
19.05,-0.07404
19.055,-0.078475
19.06,-0.080359
19.065,-0.080095
19.07,-0.080235
19.075,-0.079014
19.08,-0.075139
19.085,-0.068545
19.09,-0.059447
19.095,-0.051211
19.1,-0.045572
19.105,-0.042408
19.11,-0.042035
19.115,-0.041386
19.12,-0.039333
19.125,-0.037044
19.13,-0.032356
19.135,-0.025208
19.14,-0.016132
19.145,-0.003541
19.15,0.011106
19.155,0.025269
19.16,0.036997
19.165,0.044574
19.17,0.048796
19.175,0.050418
19.18,0.049556
19.185,0.048411
19.19,0.047546
19.195,0.045959
19.2,0.042032
19.205,0.034575
19.21,0.027212
19.215,0.023547
19.22,0.02332
19.225,0.024633
19.23,0.025799
19.235,0.025089
19.24,0.02213
19.245,0.018192
19.25,0.013152
19.255,0.0075732
19.26,0.0027783
19.265,-0.00045834
19.27,-0.0025954
19.275,-0.0046543
19.28,-0.0066257
19.285,-0.0077988
19.29,-0.0073061
19.295,-0.0070386
19.3,-0.0087294
19.305,-0.012218
19.31,-0.016405
19.315,-0.019988
19.32,-0.023109
19.325,-0.026344
19.33,-0.029053
19.335,-0.029221
19.34,-0.027539
19.345,-0.024416
19.35,-0.019002
19.355,-0.012429
19.36,-0.0054809
19.365,0.0010295
19.37,0.0084759
19.375,0.018046
19.38,0.026807
19.385,0.034509
19.39,0.041319
19.395,0.04384
19.4,0.042974
19.405,0.040439
19.41,0.035728
19.415,0.029803
19.42,0.020541
19.425,0.0096053
19.43,0.0018524
19.435,-0.0047302
19.44,-0.0088587
19.445,-0.0078292
19.45,-0.0043518
19.455,-0.00012712
19.46,0.0026112
19.465,0.0029148
19.47,-0.00013813
19.475,-0.0073911
19.48,-0.015129
19.485,-0.021138
19.49,-0.026686
19.495,-0.032321
19.5,-0.037585
19.505,-0.042118
19.51,-0.045941
19.515,-0.049842
19.52,-0.052753
19.525,-0.053975
19.53,-0.055148
19.535,-0.056263
19.54,-0.056542
19.545,-0.057985
19.55,-0.060086
19.555,-0.060068
19.56,-0.059313
19.565,-0.059188
19.57,-0.059523
19.575,-0.059909
19.58,-0.059948
19.585,-0.059939
19.59,-0.059717
19.595,-0.059825
19.6,-0.059245
19.605,-0.056078
19.61,-0.051229
19.615,-0.044871
19.62,-0.035781
19.625,-0.025475
19.63,-0.017592
19.635,-0.012513
19.64,-0.0079794
19.645,-0.0048011
19.65,-0.0044421
19.655,-0.0045554
19.66,-0.0044978
19.665,-0.0042299
19.67,-0.004385
19.675,-0.0068738
19.68,-0.0085335
19.685,-0.0074994
19.69,-0.00636
19.695,-0.0068254
19.7,-0.007592
19.705,-0.0078302
19.71,-0.0077303
19.715,-0.0071517
19.72,-0.0072195
19.725,-0.0060485
19.73,-0.0037908
19.735,-0.0046018
19.74,-0.0086409
19.745,-0.013346
19.75,-0.016869
19.755,-0.019219
19.76,-0.021874
19.765,-0.026147
19.77,-0.030025
19.775,-0.03175
19.78,-0.030384
19.785,-0.023806
19.79,-0.013879
19.795,-0.0028987
19.8,0.0074974
19.805,0.015048
19.81,0.020277
19.815,0.024068
19.82,0.026262
19.825,0.027692
19.83,0.026029
19.835,0.021771
19.84,0.01929
19.845,0.016895
19.85,0.014461
19.855,0.013819
19.86,0.014479
19.865,0.014601
19.87,0.012333
19.875,0.0089187
19.88,0.0056997
19.885,0.0032266
19.89,0.0032627
19.895,0.0049575
19.9,0.0092963
19.905,0.019255
19.91,0.030945
19.915,0.041056
19.92,0.050836
19.925,0.059244
19.93,0.064607
19.935,0.069567
19.94,0.074637
19.945,0.077061
19.95,0.07859
19.955,0.079915
19.96,0.079736
19.965,0.078941
19.97,0.076895
19.975,0.073458
19.98,0.069392
19.985,0.064518
19.99,0.059875
19.995,0.054533
20,0.047813
20.005,0.041247
20.01,0.03435
20.015,0.026813
20.02,0.017882
20.025,0.007579
20.03,-0.0031884
20.035,-0.014533
20.04,-0.026588
20.045,-0.037862
20.05,-0.047474
20.055,-0.053761
20.06,-0.055481
20.065,-0.054705
20.07,-0.050343
20.075,-0.042329
20.08,-0.032846
20.085,-0.023543
20.09,-0.016463
20.095,-0.011797
20.1,-0.0086928
20.105,-0.0070629
20.11,-0.0045667
20.115,-0.0019928
20.12,-0.0024551
20.125,-0.0056315
20.13,-0.011196
20.135,-0.017006
20.14,-0.022809
20.145,-0.029747
20.15,-0.036938
20.155,-0.043737
20.16,-0.049798
20.165,-0.053538
20.17,-0.055689
20.175,-0.057621
20.18,-0.057515
20.185,-0.054266
20.19,-0.048565
20.195,-0.039456
20.2,-0.024868
20.205,-0.0064732
20.21,0.012999
20.215,0.032017
20.22,0.049379
20.225,0.061565
20.23,0.066606
20.235,0.066527
20.24,0.063985
20.245,0.06153
20.25,0.058846
20.255,0.054358
20.26,0.046567
20.265,0.035463
20.27,0.023908
20.275,0.012454
20.28,-0.00028606
20.285,-0.014356
20.29,-0.026925
20.295,-0.035073
20.3,-0.038648
20.305,-0.038258
20.31,-0.035636
20.315,-0.031143
20.32,-0.026378
20.325,-0.021593
20.33,-0.015865
20.335,-0.010321
20.34,-0.0047343
20.345,-7.8698e-05
20.35,0.0062937
20.355,0.014306
20.36,0.020689
20.365,0.027973
20.37,0.034586
20.375,0.036792
20.38,0.037415
20.385,0.037865
20.39,0.03571
20.395,0.033985
20.4,0.03409
20.405,0.034378
20.41,0.036496
20.415,0.038654
20.42,0.039111
20.425,0.040517
20.43,0.043813
20.435,0.046315
20.44,0.048072
20.445,0.050665
20.45,0.054404
20.455,0.058676
20.46,0.061876
20.465,0.064972
20.47,0.068201
20.475,0.072094
20.48,0.076487
20.485,0.078633
20.49,0.080072
20.495,0.082012
20.5,0.082885
20.505,0.084027
20.51,0.084715
20.515,0.082602
20.52,0.079959
20.525,0.077331
20.53,0.071757
20.535,0.065039
20.54,0.058205
20.545,0.049435
20.55,0.039707
20.555,0.028031
20.56,0.016621
20.565,0.0088071
20.57,0.0038001
20.575,0.0016062
20.58,0.0027219
20.585,0.0061055
20.59,0.0093528
20.595,0.012319
20.6,0.016757
20.605,0.02239
20.61,0.02643
20.615,0.02926
20.62,0.030731
20.625,0.032229
20.63,0.035983
20.635,0.03762
20.64,0.03855
20.645,0.040576
20.65,0.040471
20.655,0.039147
20.66,0.0363
20.665,0.032599
20.67,0.028258
20.675,0.022557
20.68,0.019194
20.685,0.016375
20.69,0.012745
20.695,0.0093848
20.7,0.0041421
20.705,0.00031824
20.71,-0.00089222
20.715,-0.0016265
20.72,0.0018554
20.725,0.0081089
20.73,0.014174
20.735,0.021619
20.74,0.02823
20.745,0.034166
20.75,0.038658
20.755,0.03994
20.76,0.038058
20.765,0.032733
20.77,0.027509
20.775,0.023348
20.78,0.01849
20.785,0.013892
20.79,0.011849
20.795,0.012193
20.8,0.013402
20.805,0.015681
20.81,0.017703
20.815,0.020017
20.82,0.023351
20.825,0.026525
20.83,0.030653
20.835,0.033897
20.84,0.035369
20.845,0.036805
20.85,0.038546
20.855,0.040762
20.86,0.041844
20.865,0.040538
20.87,0.038874
20.875,0.038006
20.88,0.037337
20.885,0.036834
20.89,0.035988
20.895,0.035179
20.9,0.035464
20.905,0.037606
20.91,0.038541
20.915,0.036691
20.92,0.036313
20.925,0.03589
20.93,0.033495
20.935,0.032143
20.94,0.03198
20.945,0.03066
20.95,0.028845
20.955,0.027733
20.96,0.025324
20.965,0.019336
20.97,0.010589
20.975,0.0020417
20.98,-0.0051924
20.985,-0.0093498
20.99,-0.011265
20.995,-0.011313
21,-0.0088796
21.005,-0.0070819
21.01,-0.0065463
21.015,-0.0072039
21.02,-0.0076842
21.025,-0.0054815
21.03,-0.0026476
21.035,0.00043648
21.04,0.006095
21.045,0.013011
21.05,0.020187
21.055,0.028945
21.06,0.037433
21.065,0.044017
21.07,0.050979
21.075,0.057854
21.08,0.062249
21.085,0.064743
21.09,0.066989
21.095,0.068976
21.1,0.070856
21.105,0.072764
21.11,0.073698
21.115,0.073537
21.12,0.07127
21.125,0.067698
21.13,0.06504
21.135,0.06158
21.14,0.057158
21.145,0.052803
21.15,0.048336
21.155,0.043674
21.16,0.037636
21.165,0.032232
21.17,0.029061
21.175,0.026367
21.18,0.022915
21.185,0.019077
21.19,0.015748
21.195,0.014563
21.2,0.015506
21.205,0.015073
21.21,0.014367
21.215,0.016324
21.22,0.018599
21.225,0.019751
21.23,0.021633
21.235,0.023736
21.24,0.024444
21.245,0.026313
21.25,0.030213
21.255,0.033471
21.26,0.036494
21.265,0.038511
21.27,0.038448
21.275,0.038417
21.28,0.039097
21.285,0.039043
21.29,0.039508
21.295,0.041634
21.3,0.043201
21.305,0.044798
21.31,0.047444
21.315,0.04917
21.32,0.048759
21.325,0.048951
21.33,0.049807
21.335,0.046532
21.34,0.040266
21.345,0.0342
21.35,0.027727
21.355,0.021419
21.36,0.014893
21.365,0.0077397
21.37,0.00087981
21.375,-0.0069808
21.38,-0.01394
21.385,-0.018189
21.39,-0.022154
21.395,-0.025065
21.4,-0.028334
21.405,-0.032117
21.41,-0.033574
21.415,-0.035109
21.42,-0.036742
21.425,-0.038281
21.43,-0.042322
21.435,-0.046575
21.44,-0.049734
21.445,-0.053303
21.45,-0.055998
21.455,-0.058804
21.46,-0.060397
21.465,-0.059929
21.47,-0.060132
21.475,-0.059333
21.48,-0.056664
21.485,-0.053601
21.49,-0.052107
21.495,-0.050527
21.5,-0.046089
21.505,-0.040044
21.51,-0.033161
21.515,-0.02762
21.52,-0.022818
21.525,-0.017174
21.53,-0.012363
21.535,-0.0069245
21.54,-0.002116
21.545,0.00091325
21.55,0.0046423
21.555,0.0070799
21.56,0.007769
21.565,0.0073491
21.57,0.0073738
21.575,0.0099405
21.58,0.011691
21.585,0.014286
21.59,0.0177
21.595,0.019478
21.6,0.022695
21.605,0.026937
21.61,0.031003
21.615,0.033606
21.62,0.035222
21.625,0.03644
21.63,0.03599
21.635,0.036333
21.64,0.037583
21.645,0.037909
21.65,0.038394
21.655,0.040276
21.66,0.040429
21.665,0.036774
21.67,0.03291
21.675,0.032631
21.68,0.03412
21.685,0.032605
21.69,0.030317
21.695,0.031585
21.7,0.033641
21.705,0.033318
21.71,0.032315
21.715,0.032168
21.72,0.03264
21.725,0.031773
21.73,0.029289
21.735,0.028406
21.74,0.029536
21.745,0.030533
21.75,0.032002
21.755,0.03357
21.76,0.032823
21.765,0.031178
21.77,0.029681
21.775,0.027913
21.78,0.025339
21.785,0.021855
21.79,0.017907
21.795,0.011457
21.8,0.0044403
21.805,-0.001784
21.81,-0.0086
21.815,-0.013724
21.82,-0.018835
21.825,-0.024119
21.83,-0.027848
21.835,-0.032402
21.84,-0.036728
21.845,-0.039994
21.85,-0.042156
21.855,-0.042813
21.86,-0.042713
21.865,-0.043346
21.87,-0.044324
21.875,-0.04379
21.88,-0.042962
21.885,-0.042258
21.89,-0.042265
21.895,-0.043674
21.9,-0.044579
21.905,-0.043947
21.91,-0.044581
21.915,-0.047208
21.92,-0.050376
21.925,-0.053193
21.93,-0.054907
21.935,-0.056793
21.94,-0.058165
21.945,-0.05865
21.95,-0.059301
21.955,-0.058029
21.96,-0.053177
21.965,-0.046923
21.97,-0.040581
21.975,-0.03433
21.98,-0.029435
21.985,-0.025247
21.99,-0.022486
21.995,-0.022273
22,-0.022238
22.005,-0.021298
22.01,-0.020563
22.015,-0.021463
22.02,-0.023806
22.025,-0.026517
22.03,-0.029221
22.035,-0.032427
22.04,-0.035772
22.045,-0.038814
22.05,-0.041872
22.055,-0.042615
22.06,-0.041891
22.065,-0.042785
22.07,-0.044474
22.075,-0.044568
22.08,-0.042396
22.085,-0.040159
22.09,-0.038866
22.095,-0.037859
22.1,-0.036646
22.105,-0.035256
22.11,-0.033442
22.115,-0.031756
22.12,-0.031392
22.125,-0.032179
22.13,-0.034227
22.135,-0.036029
22.14,-0.038473
22.145,-0.042368
22.15,-0.045619
22.155,-0.04919
22.16,-0.052384
22.165,-0.053767
22.17,-0.054576
22.175,-0.055322
22.18,-0.056412
22.185,-0.05697
22.19,-0.056596
22.195,-0.055908
22.2,-0.054628
22.205,-0.053724
22.21,-0.05295
22.215,-0.052009
22.22,-0.05024
22.225,-0.048025
22.23,-0.045898
22.235,-0.04355
22.24,-0.041205
22.245,-0.038058
22.25,-0.034231
22.255,-0.028475
22.26,-0.023277
22.265,-0.01909
22.27,-0.014667
22.275,-0.011924
22.28,-0.0084259
22.285,-0.0046079
22.29,-0.0007089
22.295,0.0041835
22.3,0.0077884
22.305,0.010009
22.31,0.01148
22.315,0.013775
22.32,0.016561
22.325,0.017762
22.33,0.019168
22.335,0.02066
22.34,0.02092
22.345,0.020727
22.35,0.019688
22.355,0.017286
22.36,0.014278
22.365,0.011162
22.37,0.0075605
22.375,0.0042279
22.38,0.0024401
22.385,0.0011883
22.39,0.00037594
22.395,0.0013522
22.4,0.0023864
22.405,0.0031894
22.41,0.0044368
22.415,0.0036885
22.42,-6.3403e-05
22.425,-0.0044313
22.43,-0.0091423
22.435,-0.01546
22.44,-0.023086
22.445,-0.030664
22.45,-0.03628
22.455,-0.041802
22.46,-0.047702
22.465,-0.051723
22.47,-0.054077
22.475,-0.055894
22.48,-0.057157
22.485,-0.058726
22.49,-0.060432
22.495,-0.060822
22.5,-0.062462
22.505,-0.063381
22.51,-0.062444
22.515,-0.061651
22.52,-0.05899
22.525,-0.056372
22.53,-0.055672
22.535,-0.054923
22.54,-0.053388
22.545,-0.052307
22.55,-0.052387
22.555,-0.053505
22.56,-0.053835
22.565,-0.052471
22.57,-0.050058
22.575,-0.046898
22.58,-0.043403
22.585,-0.03836
22.59,-0.031983
22.595,-0.025551
22.6,-0.01854
22.605,-0.011309
22.61,-0.0052327
22.615,4.6023e-05
22.62,0.0037356
22.625,0.0057802
22.63,0.0073541
22.635,0.0072911
22.64,0.0053866
22.645,0.0030795
22.65,0.00074907
22.655,-0.0032854
22.66,-0.0093288
22.665,-0.014676
22.67,-0.017501
22.675,-0.018481
22.68,-0.019944
22.685,-0.022734
22.69,-0.024223
22.695,-0.023984
22.7,-0.023612
22.705,-0.022877
22.71,-0.021499
22.715,-0.018792
22.72,-0.015926
22.725,-0.015248
22.73,-0.015784
22.735,-0.01618
22.74,-0.01661
22.745,-0.017043
22.75,-0.017228
22.755,-0.017936
22.76,-0.018954
22.765,-0.019061
22.77,-0.019005
22.775,-0.01913
22.78,-0.018908
22.785,-0.01928
22.79,-0.019511
22.795,-0.018664
22.8,-0.016707
22.805,-0.013513
22.81,-0.011145
22.815,-0.0091175
22.82,-0.0064986
22.825,-0.0039464
22.83,-0.0018455
22.835,-0.001206
22.84,-0.0022086
22.845,-0.0041567
22.85,-0.0051619
22.855,-0.0040832
22.86,-0.0020047
22.865,-0.00011417
22.87,0.0018659
22.875,0.0049738
22.88,0.0094577
22.885,0.013178
22.89,0.015015
22.895,0.017427
22.9,0.02041
22.905,0.022802
22.91,0.024993
22.915,0.027308
22.92,0.030488
22.925,0.033247
22.93,0.034428
22.935,0.035031
22.94,0.035757
22.945,0.037286
22.95,0.038393
22.955,0.037662
22.96,0.036795
22.965,0.036965
22.97,0.038178
22.975,0.039233
22.98,0.041013
22.985,0.043655
22.99,0.044873
22.995,0.046292
23,0.047659
23.005,0.04894
23.01,0.051416
23.015,0.053707
23.02,0.055319
23.025,0.05613
23.03,0.057156
23.035,0.058052
23.04,0.057003
23.045,0.05422
23.05,0.051517
23.055,0.047987
23.06,0.041235
23.065,0.034491
23.07,0.028176
23.075,0.020996
23.08,0.014285
23.085,0.0086605
23.09,0.0047232
23.095,0.0007075
23.1,-0.0027331
23.105,-0.0042751
23.11,-0.0048392
23.115,-0.0043973
23.12,-0.0036566
23.125,-0.0031907
23.13,-0.0019038
23.135,0.001607
23.14,0.0061418
23.145,0.0092307
23.15,0.011549
23.155,0.013092
23.16,0.014311
23.165,0.016015
23.17,0.017114
23.175,0.019077
23.18,0.020531
23.185,0.020049
23.19,0.019601
23.195,0.019859
23.2,0.019776
23.205,0.018218
23.21,0.016687
23.215,0.015494
23.22,0.01476
23.225,0.013511
23.23,0.010231
23.235,0.0082695
23.24,0.0082582
23.245,0.0088255
23.25,0.010028
23.255,0.010407
23.26,0.010802
23.265,0.011784
23.27,0.012279
23.275,0.013036
23.28,0.012638
23.285,0.010219
23.29,0.0081891
23.295,0.0065461
23.3,0.0051583
23.305,0.0041325
23.31,0.0024349
23.315,0.0014664
23.32,0.00058398
23.325,-0.0013957
23.33,-0.0029514
23.335,-0.0048531
23.34,-0.0083401
23.345,-0.012784
23.35,-0.016761
23.355,-0.020221
23.36,-0.023464
23.365,-0.025396
23.37,-0.02649
23.375,-0.027644
23.38,-0.027502
23.385,-0.025501
23.39,-0.024063
23.395,-0.023184
23.4,-0.021616
23.405,-0.019324
23.41,-0.016086
23.415,-0.013669
23.42,-0.012178
23.425,-0.010965
23.43,-0.010565
23.435,-0.009791
23.44,-0.0079459
23.445,-0.006708
23.45,-0.0077739
23.455,-0.010036
23.46,-0.011106
23.465,-0.011481
23.47,-0.01118
23.475,-0.010209
23.48,-0.010872
23.485,-0.011106
23.49,-0.0094805
23.495,-0.0090179
23.5,-0.0090205
23.505,-0.007979
23.51,-0.0068818
23.515,-0.0063323
23.52,-0.0062895
23.525,-0.0052437
23.53,-0.003485
23.535,-0.0019669
23.54,0.00085629
23.545,0.0033785
23.55,0.0034887
23.555,0.002464
23.56,0.00096897
23.565,-0.00097769
23.57,-0.0031916
23.575,-0.0048997
23.58,-0.0058707
23.585,-0.0066787
23.59,-0.0076453
23.595,-0.0095886
23.6,-0.01079
23.605,-0.0097749
23.61,-0.0095097
23.615,-0.0096603
23.62,-0.0087946
23.625,-0.0089154
23.63,-0.0099164
23.635,-0.0093476
23.64,-0.0077052
23.645,-0.0061737
23.65,-0.0047534
23.655,-0.0042156
23.66,-0.0035165
23.665,-0.0027492
23.67,-0.0031574
23.675,-0.0053458
23.68,-0.0076148
23.685,-0.0078593
23.69,-0.0083289
23.695,-0.010443
23.7,-0.011799
23.705,-0.011011
23.71,-0.010393
23.715,-0.010685
23.72,-0.010624
23.725,-0.010973
23.73,-0.011066
23.735,-0.011229
23.74,-0.014861
23.745,-0.019081
23.75,-0.019952
23.755,-0.021389
23.76,-0.02471
23.765,-0.027191
23.77,-0.029247
23.775,-0.031946
23.78,-0.03425
23.785,-0.036004
23.79,-0.03784
23.795,-0.040086
23.8,-0.042628
23.805,-0.044262
23.81,-0.044933
23.815,-0.046642
23.82,-0.050659
23.825,-0.053779
23.83,-0.053543
23.835,-0.051319
23.84,-0.047962
23.845,-0.044254
23.85,-0.041345
23.855,-0.038442
23.86,-0.034683
23.865,-0.031046
23.87,-0.028604
23.875,-0.028045
23.88,-0.02873
23.885,-0.028679
23.89,-0.02724
23.895,-0.024613
23.9,-0.023186
23.905,-0.023324
23.91,-0.021307
23.915,-0.01725
23.92,-0.013313
23.925,-0.010575
23.93,-0.0083003
23.935,-0.0062387
23.94,-0.0043264
23.945,-0.00070161
23.95,0.0043097
23.955,0.0085468
23.96,0.011533
23.965,0.014506
23.97,0.017608
23.975,0.021295
23.98,0.024984
23.985,0.027081
23.99,0.028211
23.995,0.02934
24,0.030569
24.005,0.031586
24.01,0.0319
24.015,0.030577
24.02,0.02942
24.025,0.029662
24.03,0.028624
24.035,0.025991
24.04,0.024237
24.045,0.024153
24.05,0.024002
24.055,0.022343
24.06,0.021484
24.065,0.023012
24.07,0.024966
24.075,0.026351
24.08,0.028206
24.085,0.030665
24.09,0.031347
24.095,0.030859
24.1,0.031851
24.105,0.033509
24.11,0.034931
24.115,0.036078
24.12,0.036852
24.125,0.037866
24.13,0.037408
24.135,0.035694
24.14,0.034327
24.145,0.033421
24.15,0.03197
24.155,0.028717
24.16,0.02496
24.165,0.021791
24.17,0.020522
24.175,0.019593
24.18,0.017325
24.185,0.015878
24.19,0.014895
24.195,0.013981
24.2,0.013608
24.205,0.011722
24.21,0.0089239
24.215,0.0072522
24.22,0.0069075
24.225,0.0074062
24.23,0.0079774
24.235,0.0083385
24.24,0.0079367
24.245,0.0080269
24.25,0.010078
24.255,0.012802
24.26,0.01565
24.265,0.017478
24.27,0.019117
24.275,0.022545
24.28,0.02495
24.285,0.02645
24.29,0.028199
24.295,0.029123
24.3,0.028737
24.305,0.026863
24.31,0.025717
24.315,0.02553
24.32,0.02501
24.325,0.023745
24.33,0.021324
24.335,0.019125
24.34,0.018084
24.345,0.017041
24.35,0.014699
24.355,0.011771
24.36,0.0094168
24.365,0.0077164
24.37,0.007068
24.375,0.0068552
24.38,0.0048505
24.385,0.0027863
24.39,0.0019863
24.395,0.00013358
24.4,-0.0017262
24.405,-0.0049832
24.41,-0.010134
24.415,-0.013922
24.42,-0.017279
24.425,-0.019953
24.43,-0.021579
24.435,-0.023132
24.44,-0.024241
24.445,-0.026206
24.45,-0.027999
24.455,-0.02754
24.46,-0.027044
24.465,-0.027155
24.47,-0.02584
24.475,-0.023911
24.48,-0.021189
24.485,-0.017172
24.49,-0.013256
24.495,-0.010279
24.5,-0.008393
24.505,-0.0064413
24.51,-0.0044642
24.515,-0.0021892
24.52,-0.00010417
24.525,0.00069284
24.53,0.0021191
24.535,0.0037909
24.54,0.0041303
24.545,0.0034279
24.55,0.0029777
24.555,0.0033545
24.56,0.0032717
24.565,0.0030573
24.57,0.0040096
24.575,0.0046606
24.58,0.003868
24.585,0.0024107
24.59,0.0010971
24.595,0.0013807
24.6,0.0027475
24.605,0.0029984
24.61,0.0028388
24.615,0.0029336
24.62,0.0015508
24.625,-0.00094056
24.63,-0.0032045
24.635,-0.0054595
24.64,-0.0082699
24.645,-0.010601
24.65,-0.010928
24.655,-0.010264
24.66,-0.009225
24.665,-0.0076194
24.67,-0.0061527
24.675,-0.0049668
24.68,-0.0035436
24.685,-0.00097762
24.69,0.0013789
24.695,0.0021242
24.7,0.0013813
24.705,0.0004698
24.71,0.00071437
24.715,0.00074947
24.72,-0.00060164
24.725,-0.0020492
24.73,-0.0031735
24.735,-0.0046388
24.74,-0.0049825
24.745,-0.0038324
24.75,-0.0022037
24.755,-0.0015169
24.76,-0.0023129
24.765,-0.0027785
24.77,-0.0018175
24.775,-0.0008528
24.78,-0.00070609
24.785,-0.00035265
24.79,0.0007339
24.795,0.0021195
24.8,0.0038601
24.805,0.0052546
24.81,0.004762
24.815,0.0045436
24.82,0.0043592
24.825,0.0019333
24.83,-0.0006941
24.835,-0.0035142
24.84,-0.0079783
24.845,-0.013358
24.85,-0.01797
24.855,-0.021108
24.86,-0.025205
24.865,-0.030119
24.87,-0.034069
24.875,-0.037516
24.88,-0.040831
24.885,-0.044889
24.89,-0.048999
24.895,-0.052116
24.9,-0.054808
24.905,-0.055842
24.91,-0.05497
24.915,-0.054701
24.92,-0.05542
24.925,-0.055959
24.93,-0.055269
24.935,-0.054419
24.94,-0.054242
24.945,-0.053036
24.95,-0.051484
24.955,-0.050975
24.96,-0.050986
24.965,-0.05091
24.97,-0.049659
24.975,-0.048247
24.98,-0.046862
24.985,-0.045199
24.99,-0.045176
24.995,-0.045313
25,-0.046065
25.005,-0.048476
25.01,-0.049564
25.015,-0.048525
25.02,-0.049003
25.025,-0.051734
25.03,-0.052962
25.035,-0.052597
25.04,-0.052814
25.045,-0.052708
25.05,-0.05189
25.055,-0.051476
25.06,-0.050467
25.065,-0.048123
25.07,-0.045496
25.075,-0.043512
25.08,-0.041179
25.085,-0.038094
25.09,-0.035669
25.095,-0.033355
25.1,-0.031298
25.105,-0.029897
25.11,-0.028067
25.115,-0.025469
25.12,-0.022229
25.125,-0.019972
25.13,-0.018384
25.135,-0.015744
25.14,-0.011703
25.145,-0.0090531
25.15,-0.0094209
25.155,-0.008691
25.16,-0.0063381
25.165,-0.005169
25.17,-0.0039347
25.175,-0.0022881
25.18,-0.0011607
25.185,0.0016395
25.19,0.0040318
25.195,0.0041831
25.2,0.0047666
25.205,0.0063179
25.21,0.0077101
25.215,0.0086778
25.22,0.010155
25.225,0.011436
25.23,0.011463
25.235,0.010655
25.24,0.011648
25.245,0.013656
25.25,0.015035
25.255,0.017884
25.26,0.019741
25.265,0.020914
25.27,0.02406
25.275,0.025483
25.28,0.025226
25.285,0.025757
25.29,0.026583
25.295,0.026196
25.3,0.024739
25.305,0.024534
25.31,0.025104
25.315,0.025379
25.32,0.02522
25.325,0.024875
25.33,0.023965
25.335,0.021977
25.34,0.020804
25.345,0.021183
25.35,0.01984
25.355,0.017479
25.36,0.015365
25.365,0.012428
25.37,0.010541
25.375,0.008716
25.38,0.0061468
25.385,0.0022856
25.39,-0.0020453
25.395,-0.0038269
25.4,-0.0043069
25.405,-0.0057018
25.41,-0.0081684
25.415,-0.010283
25.42,-0.011466
25.425,-0.012694
25.43,-0.013151
25.435,-0.013288
25.44,-0.015076
25.445,-0.018284
25.45,-0.021726
25.455,-0.023024
25.46,-0.023874
25.465,-0.025992
25.47,-0.028156
25.475,-0.030342
25.48,-0.032115
25.485,-0.0341
25.49,-0.034411
25.495,-0.033795
25.5,-0.035846
25.505,-0.038025
25.51,-0.038639
25.515,-0.038764
25.52,-0.037429
25.525,-0.035509
25.53,-0.034369
25.535,-0.032698
25.54,-0.030958
25.545,-0.02979
25.55,-0.028138
25.555,-0.027655
25.56,-0.029249
25.565,-0.030528
25.57,-0.03099
25.575,-0.031149
25.58,-0.031299
25.585,-0.032757
25.59,-0.034367
25.595,-0.034039
25.6,-0.032627
25.605,-0.031359
25.61,-0.030804
25.615,-0.031181
25.62,-0.030882
25.625,-0.030249
25.63,-0.030833
25.635,-0.0314
25.64,-0.031381
25.645,-0.031237
25.65,-0.03109
25.655,-0.031361
25.66,-0.033085
25.665,-0.034351
25.67,-0.0341
25.675,-0.034795
25.68,-0.035768
25.685,-0.036811
25.69,-0.038048
25.695,-0.037909
25.7,-0.037559
25.705,-0.038248
25.71,-0.038702
25.715,-0.037446
25.72,-0.035294
25.725,-0.033117
25.73,-0.031733
25.735,-0.031171
25.74,-0.028954
25.745,-0.027384
25.75,-0.02649
25.755,-0.023989
25.76,-0.022208
25.765,-0.021256
25.77,-0.021254
25.775,-0.020908
25.78,-0.019592
25.785,-0.019517
25.79,-0.020053
25.795,-0.020138
25.8,-0.019527
25.805,-0.01769
25.81,-0.016105
25.815,-0.015722
25.82,-0.014831
25.825,-0.01265
25.83,-0.0099169
25.835,-0.0075306
25.84,-0.0046552
25.845,-0.0019397
25.85,0.00076715
25.855,0.004664
25.86,0.0079573
25.865,0.010312
25.87,0.011696
25.875,0.012487
25.88,0.013812
25.885,0.01501
25.89,0.016127
25.895,0.017101
25.9,0.015622
25.905,0.012905
25.91,0.012602
25.915,0.014931
25.92,0.017084
25.925,0.016621
25.93,0.015742
25.935,0.016387
25.94,0.017614
25.945,0.017834
25.95,0.017275
25.955,0.017995
25.96,0.019204
25.965,0.020777
25.97,0.022656
25.975,0.023774
25.98,0.024171
25.985,0.023702
25.99,0.023876
25.995,0.023834
26,0.023349
26.005,0.023512
26.01,0.022382
26.015,0.021191
26.02,0.020047
26.025,0.017892
26.03,0.016334
26.035,0.0145
26.04,0.012742
26.045,0.01201
26.05,0.010251
26.055,0.0081039
26.06,0.0061567
26.065,0.0043598
26.07,0.0031777
26.075,0.0021488
26.08,0.0017343
26.085,0.00043183
26.09,-0.0012636
26.095,-0.0019105
26.1,-0.0025924
26.105,-0.0020633
26.11,-0.00058411
26.115,-0.00044807
26.12,-0.000902
26.125,-0.0015904
26.13,-0.0028216
26.135,-0.0042542
26.14,-0.004976
26.145,-0.0047747
26.15,-0.0042745
26.155,-0.0040743
26.16,-0.004756
26.165,-0.0050269
26.17,-0.0062652
26.175,-0.0083234
26.18,-0.0092189
26.185,-0.010661
26.19,-0.012066
26.195,-0.011648
26.2,-0.011443
26.205,-0.013249
26.21,-0.015172
26.215,-0.015679
26.22,-0.015196
26.225,-0.015082
26.23,-0.016881
26.235,-0.019047
26.24,-0.019554
26.245,-0.019444
26.25,-0.018999
26.255,-0.01891
26.26,-0.01958
26.265,-0.019385
26.27,-0.019116
26.275,-0.019022
26.28,-0.019035
26.285,-0.019204
26.29,-0.018679
26.295,-0.018554
26.3,-0.018726
26.305,-0.018872
26.31,-0.018787
26.315,-0.018555
26.32,-0.01833
26.325,-0.017421
26.33,-0.015928
26.335,-0.01468
26.34,-0.014941
26.345,-0.015809
26.35,-0.015452
26.355,-0.013911
26.36,-0.012157
26.365,-0.011575
26.37,-0.011664
26.375,-0.010144
26.38,-0.0084743
26.385,-0.0081929
26.39,-0.0078982
26.395,-0.0066991
26.4,-0.0045763
26.405,-0.0039206
26.41,-0.0047024
26.415,-0.0038558
26.42,-0.0028023
26.425,-0.0031168
26.43,-0.0043603
26.435,-0.0047667
26.44,-0.0039521
26.445,-0.0040015
26.45,-0.0036813
26.455,-0.0036272
26.46,-0.0045858
26.465,-0.0050617
26.47,-0.0051745
26.475,-0.0054119
26.48,-0.0066078
26.485,-0.0082194
26.49,-0.0094955
26.495,-0.011221
26.5,-0.013928
26.505,-0.015414
26.51,-0.015214
26.515,-0.015704
26.52,-0.016395
26.525,-0.016424
26.53,-0.015824
26.535,-0.015518
26.54,-0.015688
26.545,-0.015428
26.55,-0.015957
26.555,-0.017256
26.56,-0.018221
26.565,-0.018834
26.57,-0.018905
26.575,-0.017532
26.58,-0.01546
26.585,-0.014007
26.59,-0.012356
26.595,-0.0097397
26.6,-0.0066179
26.605,-0.0040968
26.61,-0.0011376
26.615,0.0028662
26.62,0.0066925
26.625,0.0095082
26.63,0.01089
26.635,0.012776
26.64,0.016901
26.645,0.02129
26.65,0.023214
26.655,0.024111
26.66,0.026781
26.665,0.029636
26.67,0.030705
26.675,0.031953
26.68,0.033836
26.685,0.034687
26.69,0.03537
26.695,0.036919
26.7,0.039184
26.705,0.041514
26.71,0.04366
26.715,0.045475
26.72,0.047488
26.725,0.0503
26.73,0.053106
26.735,0.055062
26.74,0.056468
26.745,0.058735
26.75,0.062037
26.755,0.065216
26.76,0.066652
26.765,0.067086
26.77,0.067741
26.775,0.068205
26.78,0.068659
26.785,0.069647
26.79,0.070881
26.795,0.070954
26.8,0.070399
26.805,0.06986
26.81,0.069111
26.815,0.069137
26.82,0.068785
26.825,0.067267
26.83,0.066339
26.835,0.065848
26.84,0.065122
26.845,0.064897
26.85,0.064919
26.855,0.064895
26.86,0.06481
26.865,0.064498
26.87,0.063927
26.875,0.063324
26.88,0.062414
26.885,0.061577
26.89,0.061776
26.895,0.060733
26.9,0.05974
26.905,0.059853
26.91,0.058082
26.915,0.056606
26.92,0.05665
26.925,0.055992
26.93,0.054142
26.935,0.052302
26.94,0.050409
26.945,0.047801
26.95,0.045959
26.955,0.044292
26.96,0.042143
26.965,0.039716
26.97,0.036669
26.975,0.033767
26.98,0.031881
26.985,0.030792
26.99,0.028254
26.995,0.024858
27,0.022744
27.005,0.020504
27.01,0.016565
27.015,0.012322
27.02,0.0087191
27.025,0.0049701
27.03,0.00012216
27.035,-0.0058327
27.04,-0.010479
27.045,-0.014366
27.05,-0.019164
27.055,-0.024117
27.06,-0.028563
27.065,-0.032257
27.07,-0.036057
27.075,-0.039333
27.08,-0.041467
27.085,-0.043308
27.09,-0.045331
27.095,-0.047622
27.1,-0.048085
27.105,-0.046955
27.11,-0.047043
27.115,-0.047355
27.12,-0.046908
27.125,-0.046617
27.13,-0.045948
27.135,-0.045073
27.14,-0.044657
27.145,-0.043624
27.15,-0.042429
27.155,-0.041936
27.16,-0.041042
27.165,-0.040754
27.17,-0.040739
27.175,-0.037917
27.18,-0.034037
27.185,-0.03163
27.19,-0.02891
27.195,-0.025083
27.2,-0.021543
27.205,-0.018998
27.21,-0.016407
27.215,-0.013642
27.22,-0.01268
27.225,-0.012325
27.23,-0.010572
27.235,-0.0078509
27.24,-0.0054125
27.245,-0.0047348
27.25,-0.0036311
27.255,-0.00079922
27.26,0.0016375
27.265,0.0032282
27.27,0.0046471
27.275,0.0065103
27.28,0.0073478
27.285,0.0075813
27.29,0.0082892
27.295,0.0078319
27.3,0.0075397
27.305,0.0080475
27.31,0.0078564
27.315,0.0078395
27.32,0.0078532
27.325,0.0065129
27.33,0.0050385
27.335,0.0042937
27.34,0.0038886
27.345,0.0036568
27.35,0.0025503
27.355,0.0009611
27.36,0.00061539
27.365,0.00025197
27.37,-0.0012567
27.375,-0.0024664
27.38,-0.0026675
27.385,-0.0025044
27.39,-0.0021974
27.395,-0.0022495
27.4,-0.0024876
27.405,-0.001741
27.41,-0.00026356
27.415,0.0017042
27.42,0.0034158
27.425,0.0041016
27.43,0.0041948
27.435,0.0050032
27.44,0.0069736
27.445,0.0092093
27.45,0.011039
27.455,0.011504
27.46,0.010624
27.465,0.010033
27.47,0.011771
27.475,0.014663
27.48,0.0154
27.485,0.015017
27.49,0.014501
27.495,0.014148
27.5,0.016172
27.505,0.018721
27.51,0.018663
27.515,0.018061
27.52,0.019915
27.525,0.021566
27.53,0.021126
27.535,0.021105
27.54,0.021273
27.545,0.021259
27.55,0.021127
27.555,0.019759
27.56,0.018732
27.565,0.020205
27.57,0.022236
27.575,0.022127
27.58,0.021531
27.585,0.021947
27.59,0.024104
27.595,0.026444
27.6,0.026614
27.605,0.026674
27.61,0.029742
27.615,0.033066
27.62,0.034079
27.625,0.034698
27.63,0.035224
27.635,0.035516
27.64,0.03583
27.645,0.036622
27.65,0.036748
27.655,0.036608
27.66,0.036434
27.665,0.035516
27.67,0.035389
27.675,0.035793
27.68,0.036709
27.685,0.037757
27.69,0.03745
27.695,0.036605
27.7,0.035221
27.705,0.033431
27.71,0.032854
27.715,0.032964
27.72,0.031733
27.725,0.029785
27.73,0.028604
27.735,0.027054
27.74,0.025573
27.745,0.024816
27.75,0.023407
27.755,0.021832
27.76,0.020766
27.765,0.020064
27.77,0.018637
27.775,0.017347
27.78,0.019201
27.785,0.021806
27.79,0.021653
27.795,0.020707
27.8,0.022312
27.805,0.025963
27.81,0.028487
27.815,0.029434
27.82,0.030413
27.825,0.031961
27.83,0.033695
27.835,0.034473
27.84,0.035962
27.845,0.038473
27.85,0.038518
27.855,0.038124
27.86,0.038217
27.865,0.038351
27.87,0.039548
27.875,0.038388
27.88,0.036406
27.885,0.034934
27.89,0.033084
27.895,0.032415
27.9,0.030865
27.905,0.028393
27.91,0.027748
27.915,0.02818
27.92,0.028508
27.925,0.028626
27.93,0.027073
27.935,0.025863
27.94,0.026066
27.945,0.025438
27.95,0.025058
27.955,0.024868
27.96,0.024281
27.965,0.023702
27.97,0.022077
27.975,0.020568
27.98,0.019847
27.985,0.019876
27.99,0.019198
27.995,0.017234
28,0.016607
28.005,0.016536
28.01,0.015703
28.015,0.014078
28.02,0.012964
28.025,0.012806
28.03,0.012419
28.035,0.011553
28.04,0.0092474
28.045,0.0074308
28.05,0.0069502
28.055,0.0061846
28.06,0.0057488
28.065,0.0039916
28.07,0.0016742
28.075,0.0010724
28.08,0.00057513
28.085,-0.00053218
28.09,-0.0014296
28.095,-0.0029139
28.1,-0.0048105
28.105,-0.0052516
28.11,-0.0040641
28.115,-0.0029992
28.12,-0.0042745
28.125,-0.006012
28.13,-0.0071767
28.135,-0.0079689
28.14,-0.008067
28.145,-0.0092935
28.15,-0.0097868
28.155,-0.0096017
28.16,-0.011773
28.165,-0.014516
28.17,-0.015466
28.175,-0.015544
28.18,-0.016349
28.185,-0.017283
28.19,-0.018253
28.195,-0.019502
28.2,-0.019751
28.205,-0.019978
28.21,-0.021384
28.215,-0.023296
28.22,-0.025083
28.225,-0.026095
28.23,-0.026392
28.235,-0.026256
28.24,-0.026303
28.245,-0.026417
28.25,-0.026328
28.255,-0.026196
28.26,-0.024401
28.265,-0.022296
28.27,-0.022167
28.275,-0.02192
28.28,-0.020234
28.285,-0.018923
28.29,-0.019247
28.295,-0.020332
28.3,-0.020837
28.305,-0.021329
28.31,-0.02174
28.315,-0.020761
28.32,-0.019577
28.325,-0.020197
28.33,-0.021235
28.335,-0.021069
28.34,-0.020187
28.345,-0.018286
28.35,-0.016512
28.355,-0.015771
28.36,-0.01547
28.365,-0.016209
28.37,-0.016708
28.375,-0.015785
28.38,-0.014327
28.385,-0.01279
28.39,-0.012773
28.395,-0.013656
28.4,-0.013752
28.405,-0.01371
28.41,-0.013733
28.415,-0.013575
28.42,-0.013515
28.425,-0.013443
28.43,-0.012975
28.435,-0.013312
28.44,-0.013631
28.445,-0.012734
28.45,-0.012559
28.455,-0.012476
28.46,-0.011372
28.465,-0.010174
28.47,-0.0094678
28.475,-0.0092742
28.48,-0.0089999
28.485,-0.0084708
28.49,-0.0080464
28.495,-0.0076304
28.5,-0.0066539
28.505,-0.0071524
28.51,-0.0080523
28.515,-0.005745
28.52,-0.0026788
28.525,-0.0014063
28.53,-0.0016424
28.535,-0.0022349
28.54,-0.0018703
28.545,-0.0015591
28.55,-0.0013999
28.555,-0.00070589
28.56,-0.0007561
28.565,-0.0012247
28.57,-0.0010005
28.575,-0.00074325
28.58,-0.00074317
28.585,-0.00072743
28.59,-0.00083828
28.595,-0.0012845
28.6,-0.00046955
28.605,0.0021843
28.61,0.0031161
28.615,0.0029837
28.62,0.0042261
28.625,0.0064269
28.63,0.0098717
28.635,0.013104
28.64,0.01527
28.645,0.017642
28.65,0.019747
28.655,0.020945
28.66,0.022721
28.665,0.024516
28.67,0.025448
28.675,0.026262
28.68,0.026542
28.685,0.027002
28.69,0.027283
28.695,0.026965
28.7,0.026671
28.705,0.026039
28.71,0.026587
28.715,0.028129
28.72,0.028654
28.725,0.027788
28.73,0.026693
28.735,0.026176
28.74,0.026615
28.745,0.028217
28.75,0.02948
28.755,0.029074
28.76,0.028353
28.765,0.029294
28.77,0.030589
28.775,0.031392
28.78,0.031337
28.785,0.031679
28.79,0.033577
28.795,0.034637
28.8,0.034645
28.805,0.034348
28.81,0.033659
28.815,0.032977
28.82,0.032709
28.825,0.032066
28.83,0.031529
28.835,0.030683
28.84,0.028629
28.845,0.02738
28.85,0.025919
28.855,0.023716
28.86,0.022482
28.865,0.020839
28.87,0.019193
28.875,0.017944
28.88,0.016689
28.885,0.016099
28.89,0.01485
28.895,0.01314
28.9,0.012456
28.905,0.012356
28.91,0.011033
28.915,0.0092098
28.92,0.0084871
28.925,0.0088925
28.93,0.0090149
28.935,0.0079549
28.94,0.0076078
28.945,0.0088174
28.95,0.010104
28.955,0.0099122
28.96,0.0097024
28.965,0.011356
28.97,0.013842
28.975,0.016555
28.98,0.019133
28.985,0.020918
28.99,0.022227
28.995,0.023743
29,0.025718
29.005,0.027842
29.01,0.030559
29.015,0.032976
29.02,0.033602
29.025,0.034226
29.03,0.035855
29.035,0.03702
29.04,0.036599
29.045,0.036054
29.05,0.03662
29.055,0.036691
29.06,0.036619
29.065,0.036935
29.07,0.036181
29.075,0.034881
29.08,0.034203
29.085,0.033811
29.09,0.033186
29.095,0.032204
29.1,0.031079
29.105,0.028857
29.11,0.026251
29.115,0.025906
29.12,0.026492
29.125,0.025014
29.13,0.021531
29.135,0.018396
29.14,0.017685
29.145,0.018199
29.15,0.016674
29.155,0.014754
29.16,0.015173
29.165,0.015241
29.17,0.014394
29.175,0.01326
29.18,0.011642
29.185,0.011562
29.19,0.011621
29.195,0.010379
29.2,0.0094597
29.205,0.0093724
29.21,0.0093673
29.215,0.0093624
29.22,0.0098013
29.225,0.010068
29.23,0.010455
29.235,0.010941
29.24,0.010944
29.245,0.010393
29.25,0.010551
29.255,0.012002
29.26,0.013567
29.265,0.014246
29.27,0.0136
29.275,0.01249
29.28,0.012524
29.285,0.013472
29.29,0.013277
29.295,0.012714
29.3,0.012428
29.305,0.010711
29.31,0.0092185
29.315,0.010018
29.32,0.010422
29.325,0.0092462
29.33,0.0081782
29.335,0.0080343
29.34,0.0073448
29.345,0.0050856
29.35,0.0030596
29.355,0.00092394
29.36,-0.00076618
29.365,-0.0014641
29.37,-0.0028512
29.375,-0.004117
29.38,-0.0048161
29.385,-0.0054085
29.39,-0.0066637
29.395,-0.0080687
29.4,-0.0091957
29.405,-0.0098499
29.41,-0.0093271
29.415,-0.010008
29.42,-0.012062
29.425,-0.012766
29.43,-0.012801
29.435,-0.014147
29.44,-0.015652
29.445,-0.016232
29.45,-0.016793
29.455,-0.018318
29.46,-0.020077
29.465,-0.020317
29.47,-0.019463
29.475,-0.019415
29.48,-0.020465
29.485,-0.021991
29.49,-0.022857
29.495,-0.023013
29.5,-0.023133
29.505,-0.022531
29.51,-0.0225
29.515,-0.022027
29.52,-0.020577
29.525,-0.020602
29.53,-0.02171
29.535,-0.022341
29.54,-0.021855
29.545,-0.021791
29.55,-0.022864
29.555,-0.024469
29.56,-0.02623
29.565,-0.026947
29.57,-0.026445
29.575,-0.026156
29.58,-0.026489
29.585,-0.026923
29.59,-0.026807
29.595,-0.025906
29.6,-0.024862
29.605,-0.023876
29.61,-0.022653
29.615,-0.021076
29.62,-0.020093
29.625,-0.020065
29.63,-0.019999
29.635,-0.01901
29.64,-0.017722
29.645,-0.016947
29.65,-0.016493
29.655,-0.016192
29.66,-0.015755
29.665,-0.015441
29.67,-0.01539
29.675,-0.015789
29.68,-0.014944
29.685,-0.012277
29.69,-0.011449
29.695,-0.012319
29.7,-0.012014
29.705,-0.009906
29.71,-0.0071364
29.715,-0.0052203
29.72,-0.0038554
29.725,-0.0025655
29.73,-0.0011314
29.735,-0.00060636
29.74,-0.00087164
29.745,0.00017511
29.75,0.0016853
29.755,0.0029467
29.76,0.0040846
29.765,0.004134
29.77,0.0035342
29.775,0.0036465
29.78,0.0042194
29.785,0.0042946
29.79,0.0040606
29.795,0.0045038
29.8,0.0055394
29.805,0.0050508
29.81,0.0036576
29.815,0.0027337
29.82,0.0027188
29.825,0.0035924
29.83,0.0032755
29.835,0.0031851
29.84,0.0033987
29.845,0.0032653
29.85,0.0039337
29.855,0.0038236
29.86,0.0033851
29.865,0.0037281
29.87,0.0025468
29.875,0.00049511
29.88,0.00022507
29.885,0.0010972
29.89,0.0015551
29.895,0.00098744
29.9,0.00092793
29.905,0.0015115
29.91,0.0011072
29.915,0.00064158
29.92,0.0020824
29.925,0.003605
29.93,0.0036621
29.935,0.0041663
29.94,0.0046771
29.945,0.0053951
29.95,0.006774
29.955,0.0081553
29.96,0.010155
29.965,0.011189
29.97,0.012536
29.975,0.015581
29.98,0.017036
29.985,0.017707
29.99,0.019547
29.995,0.021351
30,0.022409
30.005,0.023067
30.01,0.023429
30.015,0.02344
30.02,0.023612
30.025,0.02336
30.03,0.02228
30.035,0.021591
30.04,0.021052
30.045,0.01931
30.05,0.017446
30.055,0.016393
30.06,0.014495
30.065,0.011065
30.07,0.0080509
30.075,0.0065094
30.08,0.0050569
30.085,0.0032694
30.09,0.001244
30.095,0.00024197
30.1,0.00054882
30.105,0.00047639
30.11,0.00066806
30.115,0.00039879
30.12,0.00010603
30.125,0.00029069
30.13,4.1514e-05
30.135,4.0532e-05
30.14,-0.0017358
30.145,-0.0048756
30.15,-0.005986
30.155,-0.0062549
30.16,-0.007698
30.165,-0.0096696
30.17,-0.011846
30.175,-0.013725
30.18,-0.014393
30.185,-0.014967
30.19,-0.016437
30.195,-0.01793
30.2,-0.01828
30.205,-0.017595
30.21,-0.01736
30.215,-0.017679
30.22,-0.019032
30.225,-0.021341
30.23,-0.02151
30.235,-0.019823
30.24,-0.019269
30.245,-0.020799
30.25,-0.02217
30.255,-0.020736
30.26,-0.018455
30.265,-0.017486
30.27,-0.01868
30.275,-0.020294
30.28,-0.019892
30.285,-0.020162
30.29,-0.021069
30.295,-0.020729
30.3,-0.020819
30.305,-0.021305
30.31,-0.021271
30.315,-0.019873
30.32,-0.017599
30.325,-0.017246
30.33,-0.018239
30.335,-0.018767
30.34,-0.018316
30.345,-0.017779
30.35,-0.017982
30.355,-0.017414
30.36,-0.016596
30.365,-0.015849
30.37,-0.014593
30.375,-0.01434
30.38,-0.014675
30.385,-0.01479
30.39,-0.014706
30.395,-0.01301
30.4,-0.010879
30.405,-0.011185
30.41,-0.013033
30.415,-0.013905
30.42,-0.013646
30.425,-0.013726
30.43,-0.015056
30.435,-0.015956
30.44,-0.015666
30.445,-0.01687
30.45,-0.019357
30.455,-0.020468
30.46,-0.020817
30.465,-0.021739
30.47,-0.021909
30.475,-0.021462
30.48,-0.021639
30.485,-0.02195
30.49,-0.022614
30.495,-0.023174
30.5,-0.022637
30.505,-0.021809
30.51,-0.021335
30.515,-0.020261
30.52,-0.01925
30.525,-0.020021
30.53,-0.021748
30.535,-0.022615
30.54,-0.022288
30.545,-0.021237
30.55,-0.021853
30.555,-0.024712
30.56,-0.026076
30.565,-0.025949
30.57,-0.025904
30.575,-0.02694
30.58,-0.029007
30.585,-0.029266
30.59,-0.027977
30.595,-0.027868
30.6,-0.028707
30.605,-0.028752
30.61,-0.028379
30.615,-0.027215
30.62,-0.02539
30.625,-0.025524
30.63,-0.02687
30.635,-0.026726
30.64,-0.025913
30.645,-0.025226
30.65,-0.024533
30.655,-0.024643
30.66,-0.025374
30.665,-0.026037
30.67,-0.026527
30.675,-0.026852
30.68,-0.027592
30.685,-0.028584
30.69,-0.028669
30.695,-0.02877
30.7,-0.030708
30.705,-0.032781
30.71,-0.032701
30.715,-0.031853
30.72,-0.031584
30.725,-0.032047
30.73,-0.032473
30.735,-0.03251
30.74,-0.032503
30.745,-0.031816
30.75,-0.030634
30.755,-0.029326
30.76,-0.028337
30.765,-0.02846
30.77,-0.028018
30.775,-0.026719
30.78,-0.026721
30.785,-0.026766
30.79,-0.026162
30.795,-0.025367
30.8,-0.024431
30.805,-0.025552
30.81,-0.028127
30.815,-0.02875
30.82,-0.027931
30.825,-0.028651
30.83,-0.031239
30.835,-0.033389
30.84,-0.033929
30.845,-0.0337
30.85,-0.033501
30.855,-0.034189
30.86,-0.035014
30.865,-0.034854
30.87,-0.034944
30.875,-0.034986
30.88,-0.034395
30.885,-0.034472
30.89,-0.034792
30.895,-0.034495
30.9,-0.034618
30.905,-0.035773
30.91,-0.035626
30.915,-0.033846
30.92,-0.033116
30.925,-0.033382
30.93,-0.034523
30.935,-0.03542
30.94,-0.033558
30.945,-0.031559
30.95,-0.032914
30.955,-0.035242
30.96,-0.035848
30.965,-0.035041
30.97,-0.033461
30.975,-0.032759
30.98,-0.032264
30.985,-0.03127
30.99,-0.031124
30.995,-0.030765
31,-0.030299
31.005,-0.029811
31.01,-0.028281
31.015,-0.026984
31.02,-0.026903
31.025,-0.027643
31.03,-0.028238
31.035,-0.028111
31.04,-0.026766
31.045,-0.025607
31.05,-0.02643
31.055,-0.026993
31.06,-0.025146
31.065,-0.022744
31.07,-0.023556
31.075,-0.025084
31.08,-0.022616
31.085,-0.019495
31.09,-0.019067
31.095,-0.01896
31.1,-0.018095
31.105,-0.016322
31.11,-0.014225
31.115,-0.013052
31.12,-0.011087
31.125,-0.0090539
31.13,-0.0078568
31.135,-0.0066492
31.14,-0.0054033
31.145,-0.0030454
31.15,-0.0014029
31.155,-0.0015405
31.16,-0.0014545
31.165,-0.0017231
31.17,-0.0016486
31.175,-0.00039757
31.18,0.00022944
31.185,-0.00023476
31.19,-0.0018701
31.195,-0.0030859
31.2,-0.0032455
31.205,-0.0046827
31.21,-0.0066834
31.215,-0.007932
31.22,-0.008781
31.225,-0.0093232
31.23,-0.0092632
31.235,-0.0087337
31.24,-0.0092142
31.245,-0.009565
31.25,-0.0080485
31.255,-0.0061187
31.26,-0.0045635
31.265,-0.0031116
31.27,-0.0021193
31.275,-0.0016133
31.28,2.1247e-06
31.285,0.0022052
31.29,0.0035286
31.295,0.0046372
31.3,0.0050376
31.305,0.0048225
31.31,0.0049118
31.315,0.0054974
31.32,0.0074795
31.325,0.0093542
31.33,0.0091211
31.335,0.0081034
31.34,0.0077214
31.345,0.0083641
31.35,0.0091228
31.355,0.0098704
31.36,0.010299
31.365,0.0096379
31.37,0.010394
31.375,0.012479
31.38,0.012777
31.385,0.011593
31.39,0.011821
31.395,0.013721
31.4,0.015407
31.405,0.016201
31.41,0.015499
31.415,0.014286
31.42,0.014684
31.425,0.015309
31.43,0.014497
31.435,0.014056
31.44,0.013879
31.445,0.013836
31.45,0.013955
31.455,0.012591
31.46,0.0106
31.465,0.010458
31.47,0.011705
31.475,0.011193
31.48,0.0098515
31.485,0.0096198
31.49,0.0095176
31.495,0.0088106
31.5,0.0078361
31.505,0.0069662
31.51,0.0070269
31.515,0.0079592
31.52,0.007293
31.525,0.0058198
31.53,0.0056614
31.535,0.0056746
31.54,0.0052165
31.545,0.0049119
31.55,0.0046899
31.555,0.0036246
31.56,0.0017936
31.565,0.00091952
31.57,0.0017177
31.575,0.0030527
31.58,0.0037757
31.585,0.0039742
31.59,0.0041184
31.595,0.0043485
31.6,0.0053262
31.605,0.0071251
31.61,0.008195
31.615,0.0079043
31.62,0.0077567
31.625,0.0084894
31.63,0.0086059
31.635,0.0079002
31.64,0.0079597
31.645,0.0078743
31.65,0.007063
31.655,0.0061124
31.66,0.0050316
31.665,0.0048038
31.67,0.0051375
31.675,0.0053331
31.68,0.0054024
31.685,0.0057231
31.69,0.0059514
31.695,0.0048411
31.7,0.0050516
31.705,0.0076755
31.71,0.008599
31.715,0.0077993
31.72,0.0081464
31.725,0.0092565
31.73,0.0097829
31.735,0.0098772
31.74,0.0093397
31.745,0.0083023
31.75,0.0081191
31.755,0.009129
31.76,0.010846
31.765,0.011848
31.77,0.010879
31.775,0.0094758
31.78,0.0091651
31.785,0.0086724
31.79,0.0081094
31.795,0.0084457
31.8,0.0085228
31.805,0.0090054
31.81,0.0095733
31.815,0.0089406
31.82,0.0085333
31.825,0.0084232
31.83,0.0076483
31.835,0.0062732
31.84,0.0053559
31.845,0.0044601
31.85,0.0029726
31.855,0.0020961
31.86,0.0021484
31.865,0.0017625
31.87,0.00027227
31.875,-0.0012292
31.88,-0.0025461
31.885,-0.0032802
31.89,-0.0034526
31.895,-0.004467
31.9,-0.0068806
31.905,-0.009695
31.91,-0.011111
31.915,-0.011172
31.92,-0.010747
31.925,-0.010835
31.93,-0.012766
31.935,-0.015034
31.94,-0.015385
31.945,-0.014523
31.95,-0.014878
31.955,-0.016373
31.96,-0.017199
31.965,-0.0175
31.97,-0.017133
31.975,-0.016291
31.98,-0.015939
31.985,-0.016053
31.99,-0.016506
31.995,-0.016701
32,-0.017225
32.005,-0.018153
32.01,-0.018213
32.015,-0.018127
32.02,-0.0185
32.025,-0.019085
32.03,-0.019512
32.035,-0.019367
32.04,-0.019373
32.045,-0.019679
32.05,-0.020356
32.055,-0.020896
32.06,-0.019808
32.065,-0.018892
32.07,-0.019325
32.075,-0.019448
32.08,-0.019376
32.085,-0.019466
32.09,-0.018914
32.095,-0.017672
32.1,-0.016985
32.105,-0.017754
32.11,-0.017908
32.115,-0.015493
32.12,-0.013823
32.125,-0.015144
32.13,-0.015993
32.135,-0.014413
32.14,-0.012448
32.145,-0.011799
32.15,-0.011331
32.155,-0.010444
32.16,-0.01016
32.165,-0.010198
32.17,-0.010057
32.175,-0.0086245
32.18,-0.005655
32.185,-0.0040156
32.19,-0.0040008
32.195,-0.0039631
32.2,-0.0041197
32.205,-0.0044153
32.21,-0.0039633
32.215,-0.0025016
32.22,-0.0020666
32.225,-0.002811
32.23,-0.0026889
32.235,-0.0018053
32.24,-0.0020942
32.245,-0.0034769
32.25,-0.0036852
32.255,-0.0021035
32.26,-7.3698e-05
32.265,0.00078675
32.27,0.00022684
32.275,-0.00044288
32.28,0.00018114
32.285,0.00080959
32.29,0.001132
32.295,0.0026433
32.3,0.0039472
32.305,0.003624
32.31,0.0040497
32.315,0.0061528
32.32,0.0079942
32.325,0.0097243
32.33,0.011019
32.335,0.011584
32.34,0.012689
32.345,0.013444
32.35,0.014165
32.355,0.015251
32.36,0.014674
32.365,0.014231
32.37,0.015309
32.375,0.016541
32.38,0.01742
32.385,0.017551
32.39,0.017453
32.395,0.017554
32.4,0.017726
32.405,0.017932
32.41,0.017842
32.415,0.01767
32.42,0.017979
32.425,0.018186
32.43,0.017571
32.435,0.01707
32.44,0.017389
32.445,0.017684
32.45,0.017413
32.455,0.016591
32.46,0.015832
32.465,0.014525
32.47,0.012614
32.475,0.011853
32.48,0.011963
32.485,0.011607
32.49,0.010628
32.495,0.010631
32.5,0.011139
32.505,0.010986
32.51,0.010866
32.515,0.010717
32.52,0.011435
32.525,0.01239
32.53,0.012274
32.535,0.01222
32.54,0.013373
32.545,0.015031
32.55,0.01529
32.555,0.014432
32.56,0.013838
32.565,0.013578
32.57,0.013224
32.575,0.01294
32.58,0.011818
32.585,0.010086
32.59,0.01006
32.595,0.010571
32.6,0.0096798
32.605,0.0077541
32.61,0.006541
32.615,0.0067448
32.62,0.0070488
32.625,0.0075544
32.63,0.0074711
32.635,0.0068444
32.64,0.006893
32.645,0.0068711
32.65,0.0070964
32.655,0.0074368
32.66,0.0087612
32.665,0.01079
32.67,0.010741
32.675,0.0098422
32.68,0.010352
32.685,0.012139
32.69,0.013822
32.695,0.014026
32.7,0.012846
32.705,0.011577
32.71,0.011188
32.715,0.011162
32.72,0.011703
32.725,0.012198
32.73,0.010765
32.735,0.008914
32.74,0.0078526
32.745,0.0081662
32.75,0.0098415
32.755,0.010498
32.76,0.010258
32.765,0.0094375
32.77,0.0089471
32.775,0.010009
32.78,0.010508
32.785,0.010193
32.79,0.010621
32.795,0.011548
32.8,0.011855
32.805,0.011208
32.81,0.010573
32.815,0.010582
32.82,0.0097281
32.825,0.0075385
32.83,0.005891
32.835,0.0063178
32.84,0.0065789
32.845,0.004095
32.85,0.0022511
32.855,0.0026057
32.86,0.003011
32.865,0.0018993
32.87,-6.0746e-05
32.875,-0.00032786
32.88,0.00012031
32.885,-0.00025453
32.89,-0.00065173
32.895,-0.00067676
32.9,-0.00068564
32.905,-0.00053728
32.91,-0.00066402
32.915,-0.00092095
32.92,-0.00067537
32.925,-0.00059722
32.93,-0.00077254
32.935,-0.0009105
32.94,-0.000655
32.945,-0.00086861
32.95,-0.0020702
32.955,-0.0027774
32.96,-0.0031005
32.965,-0.0036845
32.97,-0.0035348
32.975,-0.0032937
32.98,-0.0037686
32.985,-0.0046455
32.99,-0.0062051
32.995,-0.0071586
33,-0.0083809
33.005,-0.010239
33.01,-0.010061
33.015,-0.0096805
33.02,-0.010327
33.025,-0.010776
33.03,-0.011348
33.035,-0.011043
33.04,-0.010486
33.045,-0.011016
33.05,-0.011025
33.055,-0.010865
33.06,-0.010725
33.065,-0.0093826
33.07,-0.007482
33.075,-0.0067428
33.08,-0.0075685
33.085,-0.0081227
33.09,-0.0071631
33.095,-0.0046724
33.1,-0.0031461
33.105,-0.0039339
33.11,-0.0039182
33.115,-0.0017919
33.12,0.00057804
33.125,0.002545
33.13,0.0033372
33.135,0.0023615
33.14,0.0022824
33.145,0.0041648
33.15,0.006367
33.155,0.0087285
33.16,0.010707
33.165,0.010392
33.17,0.0089797
33.175,0.0092368
33.18,0.010768
33.185,0.012611
33.19,0.013879
33.195,0.013576
33.2,0.013326
33.205,0.013769
33.21,0.013717
33.215,0.014159
33.22,0.015373
33.225,0.016071
33.23,0.015305
33.235,0.013772
33.24,0.013464
33.245,0.013729
33.25,0.013519
33.255,0.013951
33.26,0.014718
33.265,0.014178
33.27,0.012544
33.275,0.011025
33.28,0.0099486
33.285,0.0091926
33.29,0.0078142
33.295,0.0058687
33.3,0.0038104
33.305,0.0015792
33.31,0.00017872
33.315,-0.00027569
33.32,-0.00011307
33.325,-0.00033484
33.33,-0.0015816
33.335,-0.0033892
33.34,-0.005172
33.345,-0.0064461
33.35,-0.0074558
33.355,-0.0075552
33.36,-0.0077599
33.365,-0.0091257
33.37,-0.0096591
33.375,-0.008961
33.38,-0.0079944
33.385,-0.0072799
33.39,-0.0066166
33.395,-0.0050823
33.4,-0.0033668
33.405,-0.0022261
33.41,-0.0009018
33.415,-0.00033947
33.42,-0.0012926
33.425,-0.0013944
33.43,-0.00061264
33.435,0.00015717
33.44,0.0019886
33.445,0.0030885
33.45,0.0020036
33.455,0.0019512
33.46,0.0039612
33.465,0.0049807
33.47,0.0050348
33.475,0.0054021
33.48,0.0053112
33.485,0.0052582
33.49,0.0056087
33.495,0.0052676
33.5,0.0051055
33.505,0.0056089
33.51,0.0056341
33.515,0.0062521
33.52,0.007897
33.525,0.0091297
33.53,0.0091965
33.535,0.0085462
33.54,0.0084154
33.545,0.0086097
33.55,0.008944
33.555,0.0090362
33.56,0.0086808
33.565,0.0087352
33.57,0.0088045
33.575,0.0086749
33.58,0.0079438
33.585,0.0063233
33.59,0.0051006
33.595,0.0043157
33.6,0.0026672
33.605,0.00027387
33.61,-0.001846
33.615,-0.0028362
33.62,-0.0035349
33.625,-0.0050466
33.63,-0.0068615
33.635,-0.0085306
33.64,-0.010038
33.645,-0.010869
33.65,-0.01013
33.655,-0.0085647
33.66,-0.0076487
33.665,-0.008225
33.67,-0.0087047
33.675,-0.0069244
33.68,-0.0047452
33.685,-0.0041157
33.69,-0.0046157
33.695,-0.005344
33.7,-0.0052274
33.705,-0.0047139
33.71,-0.0044715
33.715,-0.003593
33.72,-0.0019998
33.725,-0.001315
33.73,-0.0019493
33.735,-0.0031045
33.74,-0.0036415
33.745,-0.0021452
33.75,0.00026598
33.755,0.0015924
33.76,0.0015973
33.765,0.0017705
33.77,0.0032522
33.775,0.0051697
33.78,0.0062267
33.785,0.0059996
33.79,0.0057129
33.795,0.007162
33.8,0.0093555
33.805,0.009916
33.81,0.0094817
33.815,0.010017
33.82,0.011624
33.825,0.012675
33.83,0.012447
33.835,0.012311
33.84,0.012768
33.845,0.01311
33.85,0.013923
33.855,0.015688
33.86,0.016911
33.865,0.01762
33.87,0.018859
33.875,0.019879
33.88,0.020175
33.885,0.019941
33.89,0.019637
33.895,0.019537
33.9,0.019218
33.905,0.019115
33.91,0.019819
33.915,0.020167
33.92,0.019939
33.925,0.019878
33.93,0.019821
33.935,0.019872
33.94,0.020043
33.945,0.020058
33.95,0.020107
33.955,0.020877
33.96,0.021847
33.965,0.022132
33.97,0.021964
33.975,0.021218
33.98,0.02094
33.985,0.021246
33.99,0.020783
33.995,0.020476
34,0.020276
34.005,0.019911
34.01,0.020315
34.015,0.020412
34.02,0.020107
34.025,0.020196
34.03,0.020212
34.035,0.02015
34.04,0.019934
34.045,0.019945
34.05,0.020297
34.055,0.020163
34.06,0.019382
34.065,0.01901
34.07,0.019898
34.075,0.020672
34.08,0.01986
34.085,0.018677
34.09,0.018219
34.095,0.017733
34.1,0.017231
34.105,0.017104
34.11,0.016864
34.115,0.016854
34.12,0.017122
34.125,0.017027
34.13,0.016938
34.135,0.016807
34.14,0.016881
34.145,0.017243
34.15,0.017592
34.155,0.017807
34.16,0.018195
34.165,0.019272
34.17,0.02027
34.175,0.020345
34.18,0.018913
34.185,0.017017
34.19,0.015979
34.195,0.015679
34.2,0.015973
34.205,0.016108
34.21,0.015047
34.215,0.012782
34.22,0.011029
34.225,0.010909
34.23,0.01072
34.235,0.0098205
34.24,0.008515
34.245,0.0069304
34.25,0.0070745
34.255,0.0084739
34.26,0.0086368
34.265,0.0077418
34.27,0.0079243
34.275,0.0083485
34.28,0.0068797
34.285,0.0053613
34.29,0.0042677
34.295,0.0028145
34.3,0.0022564
34.305,0.0021848
34.31,0.0015079
34.315,0.0003531
34.32,-0.00068348
34.325,-0.001205
34.33,-0.0013879
34.335,-0.0019498
34.34,-0.0029067
34.345,-0.00332
34.35,-0.0039503
34.355,-0.0047608
34.36,-0.0047932
34.365,-0.0048794
34.37,-0.0053584
34.375,-0.0065512
34.38,-0.0077823
34.385,-0.0080884
34.39,-0.0080285
34.395,-0.0078943
34.4,-0.0075812
34.405,-0.0071442
34.41,-0.0075048
34.415,-0.0081865
34.42,-0.0083663
34.425,-0.0081512
34.43,-0.0078554
34.435,-0.0079831
34.44,-0.007646
34.445,-0.0059959
34.45,-0.0042719
34.455,-0.0037266
34.46,-0.003327
34.465,-0.0020342
34.47,-0.00096893
34.475,-0.00068844
34.48,0.00075339
34.485,0.0019348
34.49,0.0018481
34.495,0.0022222
34.5,0.0023377
34.505,0.0021674
34.51,0.0021653
34.515,0.0022906
34.52,0.002339
34.525,0.0024986
34.53,0.003371
34.535,0.0040382
34.54,0.0039828
34.545,0.0041237
34.55,0.0048183
34.555,0.0055915
34.56,0.005358
34.565,0.0047836
34.57,0.0052707
34.575,0.0059305
34.58,0.0060081
34.585,0.0061103
34.59,0.0065175
34.595,0.0065799
34.6,0.0061768
34.605,0.005768
34.61,0.0064357
34.615,0.0083504
34.62,0.0089982
34.625,0.0074674
34.63,0.0062138
34.635,0.0067522
34.64,0.0078229
34.645,0.0082159
34.65,0.0076593
34.655,0.0071654
34.66,0.0074553
34.665,0.0076049
34.67,0.0073297
34.675,0.0070232
34.68,0.0061891
34.685,0.0041371
34.69,0.0022798
34.695,0.0013101
34.7,0.00014706
34.705,-0.0015405
34.71,-0.0035353
34.715,-0.0042926
34.72,-0.0037594
34.725,-0.0031537
34.73,-0.0014292
34.735,0.00014185
34.74,0.0003331
34.745,0.0012959
34.75,0.0031408
34.755,0.0047653
34.76,0.0060183
34.765,0.0070661
34.77,0.0086615
34.775,0.010299
34.78,0.010393
34.785,0.0098342
34.79,0.010931
34.795,0.012112
34.8,0.011304
34.805,0.0099543
34.81,0.0096268
34.815,0.010114
34.82,0.0095966
34.825,0.0083627
34.83,0.0074496
34.835,0.0066498
34.84,0.0066217
34.845,0.007047
34.85,0.0071197
34.855,0.0068682
34.86,0.0065054
34.865,0.0058438
34.87,0.0044812
34.875,0.0032001
34.88,0.0029351
34.885,0.002901
34.89,0.003138
34.895,0.0034438
34.9,0.0021335
34.905,0.00058514
34.91,0.00081788
34.915,0.0015551
34.92,0.0015317
34.925,0.0021062
34.93,0.0035406
34.935,0.0037302
34.94,0.0020925
34.945,0.00047085
34.95,0.00088593
34.955,0.0020586
34.96,0.0018406
34.965,0.0013122
34.97,0.00098987
34.975,8.3349e-05
34.98,-0.00032198
34.985,0.00025095
34.99,0.00059721
34.995,0.00028997
35,-5.0728e-05
35.005,0.0001483
35.01,0.00016221
35.015,-0.00018051
35.02,0.00010073
35.025,0.00017163
35.03,-0.00019708
35.035,9.7454e-08
35.04,0.0001011
35.045,-0.0011269
35.05,-0.0028424
35.055,-0.0031696
35.06,-0.0030078
35.065,-0.003208
35.07,-0.003656
35.075,-0.0051755
35.08,-0.0070447
35.085,-0.0079267
35.09,-0.0074683
35.095,-0.0069148
35.1,-0.0072084
35.105,-0.0082915
35.11,-0.0087798
35.115,-0.0066028
35.12,-0.0036898
35.125,-0.0029379
35.13,-0.0040659
35.135,-0.0036002
35.14,-0.0010733
35.145,0.00036383
35.15,0.00066843
35.155,0.0012286
35.16,0.0025453
35.165,0.0033742
35.17,0.0028566
35.175,0.0025892
35.18,0.0034401
35.185,0.004313
35.19,0.0038558
35.195,0.0029173
35.2,0.0028087
35.205,0.003113
35.21,0.0033138
35.215,0.0034235
35.22,0.0023523
35.225,0.00037269
35.23,0.00078972
35.235,0.0026823
35.24,0.0026802
35.245,0.001973
35.25,0.0025632
35.255,0.0035239
35.26,0.0034499
35.265,0.0031433
35.27,0.0041436
35.275,0.0061375
35.28,0.0075173
35.285,0.0065814
35.29,0.0049358
35.295,0.0051126
35.3,0.0044267
35.305,0.0022394
35.31,0.0020949
35.315,0.0032839
35.32,0.0035584
35.325,0.0025321
35.33,0.0010867
35.335,0.00024029
35.34,-0.00082713
35.345,-0.0018855
35.35,-0.0026021
35.355,-0.0042925
35.36,-0.0067103
35.365,-0.008169
35.37,-0.0090566
35.375,-0.010218
35.38,-0.011271
35.385,-0.013055
35.39,-0.015036
35.395,-0.015107
35.4,-0.014774
35.405,-0.016401
35.41,-0.018188
35.415,-0.017935
35.42,-0.017119
35.425,-0.017126
35.43,-0.016857
35.435,-0.01644
35.44,-0.01696
35.445,-0.017626
35.45,-0.017697
35.455,-0.017491
35.46,-0.017115
35.465,-0.017206
35.47,-0.01841
35.475,-0.020372
35.48,-0.021614
35.485,-0.020963
35.49,-0.020071
35.495,-0.020349
35.5,-0.020798
35.505,-0.02088
35.51,-0.021242
35.515,-0.021648
35.52,-0.021667
35.525,-0.021909
35.53,-0.022837
35.535,-0.024244
35.54,-0.024716
35.545,-0.024223
35.55,-0.024141
35.555,-0.024349
35.56,-0.024525
35.565,-0.024719
35.57,-0.02423
35.575,-0.023333
35.58,-0.023426
35.585,-0.023775
35.59,-0.024007
35.595,-0.024298
35.6,-0.023466
35.605,-0.022561
35.61,-0.022808
35.615,-0.022407
35.62,-0.020821
35.625,-0.020177
35.63,-0.021548
35.635,-0.0239
35.64,-0.025089
35.645,-0.024528
35.65,-0.023799
35.655,-0.023545
35.66,-0.02401
35.665,-0.024694
35.67,-0.024155
35.675,-0.022765
35.68,-0.021708
35.685,-0.021099
35.69,-0.020696
35.695,-0.020564
35.7,-0.0208
35.705,-0.02059
35.71,-0.019096
35.715,-0.017411
35.72,-0.016221
35.725,-0.014889
35.73,-0.013258
35.735,-0.011581
35.74,-0.009775
35.745,-0.0079265
35.75,-0.0066374
35.755,-0.0055194
35.76,-0.0040591
35.765,-0.0038808
35.77,-0.0063381
35.775,-0.0094626
35.78,-0.010738
35.785,-0.010846
35.79,-0.012451
35.795,-0.014752
35.8,-0.014845
35.805,-0.013398
35.81,-0.012916
35.815,-0.013617
35.82,-0.014202
35.825,-0.013789
35.83,-0.011961
35.835,-0.010297
35.84,-0.0093322
35.845,-0.0079364
35.85,-0.0066288
35.855,-0.0053772
35.86,-0.0041285
35.865,-0.0038207
35.87,-0.0040546
35.875,-0.0041034
35.88,-0.0049865
35.885,-0.0062435
35.89,-0.0065524
35.895,-0.006744
35.9,-0.0065929
35.905,-0.0061086
35.91,-0.0060265
35.915,-0.0053067
35.92,-0.0033737
35.925,-0.0010208
35.93,0.00065402
35.935,0.0019354
35.94,0.003226
35.945,0.003709
35.95,0.0035755
35.955,0.0040585
35.96,0.0058043
35.965,0.0077045
35.97,0.0081853
35.975,0.0065767
35.98,0.0043205
35.985,0.0035831
35.99,0.0037931
35.995,0.0034479
36,0.0027235
36.005,0.0028992
36.01,0.0039197
36.015,0.0045656
36.02,0.0043494
36.025,0.0039259
36.03,0.0038811
36.035,0.0040371
36.04,0.0042975
36.045,0.004675
36.05,0.0050783
36.055,0.005787
36.06,0.0065799
36.065,0.0070935
36.07,0.0076108
36.075,0.0078514
36.08,0.007748
36.085,0.0078735
36.09,0.0089263
36.095,0.010902
36.1,0.012168
36.105,0.011677
36.11,0.010768
36.115,0.011859
36.12,0.014399
36.125,0.015583
36.13,0.014105
36.135,0.011022
36.14,0.0096906
36.145,0.010625
36.15,0.011392
36.155,0.011263
36.16,0.010709
36.165,0.010371
36.17,0.010484
36.175,0.010743
36.18,0.010757
36.185,0.010824
36.19,0.010846
36.195,0.010646
36.2,0.010979
36.205,0.011208
36.21,0.010058
36.215,0.0080876
36.22,0.0070509
36.225,0.0074873
36.23,0.0082435
36.235,0.0082888
36.24,0.0076628
36.245,0.00726
36.25,0.0074158
36.255,0.0075712
36.26,0.0081999
36.265,0.0097191
36.27,0.010989
36.275,0.011126
36.28,0.011054
36.285,0.01191
36.29,0.013201
36.295,0.013958
36.3,0.013439
36.305,0.012048
36.31,0.011067
36.315,0.011211
36.32,0.012296
36.325,0.012872
36.33,0.012553
36.335,0.012669
36.34,0.013428
36.345,0.014079
36.35,0.013888
36.355,0.013523
36.36,0.014267
36.365,0.016058
36.37,0.017513
36.375,0.017422
36.38,0.016622
36.385,0.016442
36.39,0.017282
36.395,0.017943
36.4,0.01732
36.405,0.016385
36.41,0.016199
36.415,0.016607
36.42,0.01671
36.425,0.015895
36.43,0.014207
36.435,0.012591
36.44,0.011431
36.445,0.010013
36.45,0.0095223
36.455,0.0098322
36.46,0.0087406
36.465,0.0067165
36.47,0.0057792
36.475,0.0062889
36.48,0.0069905
36.485,0.0070172
36.49,0.00654
36.495,0.0063305
36.5,0.0059858
36.505,0.0056189
36.51,0.0062287
36.515,0.0068695
36.52,0.0067231
36.525,0.0064193
36.53,0.0061896
36.535,0.0056533
36.54,0.0047923
36.545,0.0043007
36.55,0.0051303
36.555,0.0058465
36.56,0.0050103
36.565,0.0041821
36.57,0.0046106
36.575,0.0060087
36.58,0.0065979
36.585,0.0054444
36.59,0.0040084
36.595,0.0032417
36.6,0.0028244
36.605,0.0026904
36.61,0.0030437
36.615,0.0031271
36.62,0.0021382
36.625,0.00050888
36.63,-0.00083677
36.635,-0.001591
36.64,-0.0023883
36.645,-0.0035126
36.65,-0.0040518
36.655,-0.0038113
36.66,-0.0036335
36.665,-0.0037104
36.67,-0.0039334
36.675,-0.0041347
36.68,-0.0040906
36.685,-0.0038599
36.69,-0.0039894
36.695,-0.0051991
36.7,-0.0069231
36.705,-0.0075842
36.71,-0.0069419
36.715,-0.00644
36.72,-0.0071772
36.725,-0.0090061
36.73,-0.010657
36.735,-0.011744
36.74,-0.01281
36.745,-0.013358
36.75,-0.013141
36.755,-0.014052
36.76,-0.016194
36.765,-0.016897
36.77,-0.016288
36.775,-0.015297
36.78,-0.014212
36.785,-0.013634
36.79,-0.013344
36.795,-0.013019
36.8,-0.012985
36.805,-0.013158
36.81,-0.012857
36.815,-0.012598
36.82,-0.012769
36.825,-0.013257
36.83,-0.014096
36.835,-0.014906
36.84,-0.015406
36.845,-0.015485
36.85,-0.015279
36.855,-0.015074
36.86,-0.015034
36.865,-0.015174
36.87,-0.015179
36.875,-0.015056
36.88,-0.01478
36.885,-0.013668
36.89,-0.011855
36.895,-0.010445
36.9,-0.0095041
36.905,-0.0086037
36.91,-0.0073816
36.915,-0.0054639
36.92,-0.0035493
36.925,-0.0023788
36.93,-0.0020813
36.935,-0.0024136
36.94,-0.002598
36.945,-0.0022803
36.95,-0.0025252
36.955,-0.0040315
36.96,-0.0053145
36.965,-0.0053933
36.97,-0.0055287
36.975,-0.0068683
36.98,-0.0083619
36.985,-0.0086174
36.99,-0.0081238
36.995,-0.0078421
37,-0.0080721
37.005,-0.0084087
37.01,-0.0087714
37.015,-0.0094729
37.02,-0.0099562
37.025,-0.010032
37.03,-0.0095738
37.035,-0.0088852
37.04,-0.0089063
37.045,-0.0089379
37.05,-0.0082851
37.055,-0.0076952
37.06,-0.0076913
37.065,-0.0078411
37.07,-0.0077166
37.075,-0.0071499
37.08,-0.0067601
37.085,-0.0070835
37.09,-0.007084
37.095,-0.0067166
37.1,-0.0070727
37.105,-0.0073504
37.11,-0.0063776
37.115,-0.005461
37.12,-0.0058181
37.125,-0.0057766
37.13,-0.0045861
37.135,-0.0037905
37.14,-0.0030085
37.145,-0.0011574
37.15,0.00045861
37.155,0.00090204
37.16,0.00096826
37.165,0.0011916
37.17,0.0014177
37.175,0.0014064
37.18,0.0013635
37.185,0.0014337
37.19,0.0014524
37.195,0.0014882
37.2,0.0013898
37.205,0.0012821
37.21,0.0015212
37.215,0.0015088
37.22,0.0010079
37.225,0.00027957
37.23,-0.00017528
37.235,0.00034133
37.24,0.0013896
37.245,0.0018601
37.25,0.0018785
37.255,0.0025732
37.26,0.0041471
37.265,0.0055434
37.27,0.0060273
37.275,0.0062648
37.28,0.0066981
37.285,0.0074964
37.29,0.0084859
37.295,0.0086565
37.3,0.0080809
37.305,0.0073074
37.31,0.0070267
37.315,0.0077595
37.32,0.0083566
37.325,0.0081843
37.33,0.0078139
37.335,0.007984
37.34,0.0085165
37.345,0.0085416
37.35,0.0080115
37.355,0.0074684
37.36,0.007761
37.365,0.007822
37.37,0.006622
37.375,0.0058501
37.38,0.0061005
37.385,0.0064251
37.39,0.0064275
37.395,0.006126
37.4,0.0058796
37.405,0.005895
37.41,0.0059586
37.415,0.0059302
37.42,0.0058407
37.425,0.0053409
37.43,0.0041721
37.435,0.0030144
37.44,0.0026893
37.445,0.0027326
37.45,0.0018465
37.455,0.00047968
37.46,5.7248e-06
37.465,0.00031317
37.47,0.00094157
37.475,0.0011709
37.48,0.00054087
37.485,-8.0367e-05
37.49,-0.00010794
37.495,0.00024187
37.5,0.00035625
37.505,0.00019723
37.51,3.9635e-05
37.515,2.6337e-05
37.52,0.00039165
37.525,0.00071954
37.53,0.0010499
37.535,0.0019039
37.54,0.0026185
37.545,0.0027454
37.55,0.0027619
37.555,0.0024573
37.56,0.0019948
37.565,0.0020962
37.57,0.0022743
37.575,0.0022661
37.58,0.0022377
37.585,0.0020399
37.59,0.0020284
37.595,0.0021006
37.6,0.0020886
37.605,0.0021121
37.61,0.0019932
37.615,0.0019015
37.62,0.0020078
37.625,0.0020345
37.63,0.0019194
37.635,0.0014848
37.64,0.0003028
37.645,-0.00051051
37.65,1.2201e-05
37.655,0.00044134
37.66,0.00012648
37.665,0.00018475
37.67,0.00096319
37.675,0.0016993
37.68,0.0016463
37.685,0.00063696
37.69,-0.00059663
37.695,-0.00092448
37.7,-0.00041191
37.705,-0.00011742
37.71,-0.00025439
37.715,-0.00050655
37.72,-0.00041573
37.725,0.00013611
37.73,8.9036e-05
37.735,-0.00047324
37.74,-0.00061043
37.745,-0.00041533
37.75,-0.00026533
37.755,-0.00043103
37.76,-0.0010473
37.765,-0.0017914
37.77,-0.0022439
37.775,-0.0023853
37.78,-0.0024662
37.785,-0.0031267
37.79,-0.0041365
37.795,-0.0045347
37.8,-0.0042921
37.805,-0.0042148
37.81,-0.0050169
37.815,-0.0061151
37.82,-0.006492
37.825,-0.0061411
37.83,-0.0057594
37.835,-0.0057565
37.84,-0.0059571
37.845,-0.0060273
37.85,-0.005865
37.855,-0.0057072
37.86,-0.0057008
37.865,-0.0056855
37.87,-0.0055809
37.875,-0.0056254
37.88,-0.0062829
37.885,-0.0072269
37.89,-0.0074552
37.895,-0.0074843
37.9,-0.0082674
37.905,-0.009091
37.91,-0.0090708
37.915,-0.0085918
37.92,-0.0085781
37.925,-0.0091469
37.93,-0.0094757
37.935,-0.0089425
37.94,-0.0080647
37.945,-0.0078417
37.95,-0.008117
37.955,-0.0081474
37.96,-0.0079409
37.965,-0.0075911
37.97,-0.0069902
37.975,-0.0066004
37.98,-0.0068723
37.985,-0.006883
37.99,-0.0059467
37.995,-0.0051277
38,-0.0050977
38.005,-0.0053451
38.01,-0.0053335
38.015,-0.0049796
38.02,-0.004382
38.025,-0.0040368
38.03,-0.0043127
38.035,-0.0043039
38.04,-0.003507
38.045,-0.0027428
38.05,-0.002437
38.055,-0.0019801
38.06,-0.0010537
38.065,-0.00017928
38.07,0.00031518
38.075,0.00083366
38.08,0.001709
38.085,0.0024045
38.09,0.0025531
38.095,0.0026555
38.1,0.0031212
38.105,0.0036997
38.11,0.00395
38.115,0.0039056
38.12,0.0037707
38.125,0.0036589
38.13,0.003728
38.135,0.0038158
38.14,0.0038071
38.145,0.0037398
38.15,0.0036626
38.155,0.0036538
38.16,0.0036981
38.165,0.0039557
38.17,0.0043726
38.175,0.0047084
38.18,0.0048721
38.185,0.0048338
38.19,0.0047272
38.195,0.0050165
38.2,0.0057767
38.205,0.0062056
38.21,0.0060646
38.215,0.0057788
38.22,0.0055832
38.225,0.0056038
38.23,0.0056863
38.235,0.0056036
38.24,0.0054715
38.245,0.0054283
38.25,0.0053411
38.255,0.0052285
38.26,0.0051665
38.265,0.0051339
38.27,0.005097
38.275,0.0049979
38.28,0.0049193
38.285,0.0048673
38.29,0.0047763
38.295,0.004371
38.3,0.0036219
38.305,0.0031856
38.31,0.0034349
38.315,0.0040475
38.32,0.0044102
38.325,0.0043748
38.33,0.0041831
38.335,0.0040564
38.34,0.003982
38.345,0.0037296
38.35,0.0036512
38.355,0.0038848
38.36,0.0039678
38.365,0.0038416
38.37,0.0036759
38.375,0.0036142
38.38,0.0035488
38.385,0.003231
38.39,0.0028677
38.395,0.0026734
38.4,0.0024693
38.405,0.0021544
38.41,0.0019998
38.415,0.0020292
38.42,0.0019895
38.425,0.0019297
38.43,0.0018302
38.435,0.0017473
38.44,0.0017434
38.445,0.0014612
38.45,0.00082521
38.455,0.00031839
38.46,0.00028896
38.465,0.00046382
38.47,0.00047463
38.475,0.00034747
38.48,-8.1627e-07
38.485,-0.00058648
38.49,-0.00097214
38.495,-0.00095488
38.5,-0.00079919
38.505,-0.00079538
38.51,-0.00091798
38.515,-0.0010038
38.52,-0.0010318
38.525,-0.0010542
38.53,-0.0010867
38.535,-0.0010894
38.54,-0.0011228
38.545,-0.0011564
38.55,-0.0011369
38.555,-0.0011566
38.56,-0.0011707
38.565,-0.001152
38.57,-0.0011214
38.575,-0.00099608
38.58,-0.00086776
38.585,-0.0006767
38.59,-0.00031471
38.595,-0.00028468
38.6,-0.00052525
38.605,-0.00046996
38.61,-0.00025442
38.615,-0.00024242
38.62,-0.00067125
38.625,-0.0012822
38.63,-0.001641
38.635,-0.0018762
38.64,-0.0020956
38.645,-0.0023142
38.65,-0.0026826
38.655,-0.0030173
38.66,-0.0030837
38.665,-0.0030595
38.67,-0.0032235
38.675,-0.0035235
38.68,-0.0037278
38.685,-0.0037112
38.69,-0.0035709
38.695,-0.0035006
38.7,-0.0034969
38.705,-0.0035164
38.71,-0.0034972
38.715,-0.0034213
38.72,-0.0033675
38.725,-0.0032105
38.73,-0.0029456
38.735,-0.0029266
38.74,-0.0031592
38.745,-0.0032972
38.75,-0.0032164
38.755,-0.0030325
38.76,-0.0029653
38.765,-0.0029963
38.77,-0.0029669
38.775,-0.0028862
38.78,-0.0029175
38.785,-0.0031846
38.79,-0.0034701
38.795,-0.0034915
38.8,-0.0032978
38.805,-0.003157
38.81,-0.0031634
38.815,-0.003373
38.82,-0.0037442
38.825,-0.0038504
38.83,-0.0036444
38.835,-0.0034719
38.84,-0.0034234
38.845,-0.0034256
38.85,-0.0033863
38.855,-0.0032973
38.86,-0.0032876
38.865,-0.0034547
38.87,-0.003503
38.875,-0.0032258
38.88,-0.003089
38.885,-0.0033121
38.89,-0.0034677
38.895,-0.0033127
38.9,-0.0030979
38.905,-0.003156
38.91,-0.0033902
38.915,-0.0033671
38.92,-0.0030845
38.925,-0.0029787
38.93,-0.0029676
38.935,-0.0027021
38.94,-0.0023957
38.945,-0.0022389
38.95,-0.0020786
38.955,-0.0018724
38.96,-0.0016552
38.965,-0.001508
38.97,-0.0014892
38.975,-0.0013824
38.98,-0.0010483
38.985,-0.00073287
38.99,-0.00063187
38.995,-0.0006607
39,-0.00066555
39.005,-0.00072462
39.01,-0.00090714
39.015,-0.00097636
39.02,-0.00086522
39.025,-0.00080104
39.03,-0.00082303
39.035,-0.00075839
39.04,-0.00061967
39.045,-0.00053628
39.05,-0.00045683
39.055,-0.00036128
39.06,-0.0003079
39.065,-0.0001658
39.07,6.9049e-05
39.075,0.00019635
39.08,0.00017671
39.085,0.00020132
39.09,0.00038016
39.095,0.00058425
39.1,0.00070418
39.105,0.00068149
39.11,0.00056648
39.115,0.0005738
39.12,0.00080823
39.125,0.0010239
39.13,0.00096755
39.135,0.00081427
39.14,0.00081385
39.145,0.00090839
39.15,0.00096873
39.155,0.00098397
39.16,0.00091953
39.165,0.00077252
39.17,0.00064858
39.175,0.00064234
39.18,0.00073264
39.185,0.0007563
39.19,0.00069583
39.195,0.00068507
39.2,0.00073522
39.205,0.00083682
39.21,0.00096294
39.215,0.001021
39.22,0.00097321
39.225,0.00092288
39.23,0.00096035
39.235,0.0010308
39.24,0.0010635
39.245,0.0010304
39.25,0.00096556
39.255,0.00094473
39.26,0.00099495
39.265,0.0010271
39.27,0.0010411
39.275,0.0010869
39.28,0.0010584
39.285,0.00099521
39.29,0.0010199
39.295,0.0010585
39.3,0.0010031
39.305,0.00091129
39.31,0.00089913
39.315,0.00097663
39.32,0.0010816
39.325,0.0011678
39.33,0.0012386
39.335,0.001302
39.34,0.0013475
39.345,0.0013696
39.35,0.0013849
39.355,0.0013809
39.36,0.0013298
39.365,0.0012709
39.37,0.0012809
39.375,0.0013237
39.38,0.0013175
39.385,0.0012977
39.39,0.0012976
39.395,0.0012943
39.4,0.0013021
39.405,0.0013384
39.41,0.0013806
39.415,0.0014134
39.42,0.0014382
39.425,0.0014659
39.43,0.0014985
39.435,0.0015293
39.44,0.0015574
39.445,0.0015844
39.45,0.0015995
39.455,0.0015986
39.46,0.0016299
39.465,0.0016765
39.47,0.0016866
39.475,0.0017046
39.48,0.0017658
39.485,0.0018404
39.49,0.001876
39.495,0.0018852
39.5,0.0019187
39.505,0.0019688
39.51,0.0020308
39.515,0.0020864
39.52,0.0020983
39.525,0.0020908
39.53,0.0021209
39.535,0.0021765
39.54,0.0022043
39.545,0.0022189
39.55,0.0022376
39.555,0.0022386
39.56,0.002213
39.565,0.0021817
39.57,0.0021643
39.575,0.0021499
39.58,0.0021372
39.585,0.0021455
39.59,0.0021609
39.595,0.0021499
39.6,0.0021082
39.605,0.0020645
39.61,0.0020386
39.615,0.0020257
39.62,0.0020262
39.625,0.0020272
39.63,0.0019936
39.635,0.001932
39.64,0.0018944
39.645,0.001881
39.65,0.0018625
39.655,0.0018372
39.66,0.0018034
39.665,0.0017676
39.67,0.0017411
39.675,0.001714
39.68,0.0016739
39.685,0.0016261
39.69,0.0015842
39.695,0.001548
39.7,0.0015093
39.705,0.0014682
39.71,0.0014284
39.715,0.0013887
39.72,0.0013487
39.725,0.0013093
39.73,0.0012701
39.735,0.0012313
39.74,0.0011917
39.745,0.0011533
39.75,0.0011144
39.755,0.001075
39.76,0.0010369
39.765,0.001001
39.77,0.00096693
39.775,0.00092673
39.78,0.00088242
39.785,0.00084344
39.79,0.00080821
39.795,0.00077484
39.8,0.00074166
39.805,0.0007017
39.81,0.00065946
39.815,0.00062293
39.82,0.00058916
39.825,0.00055477
39.83,0.00051887
39.835,0.00048223
39.84,0.00044713
39.845,0.00041114
39.85,0.00037436
39.855,0.00034122
39.86,0.00030961
39.865,0.00027514
39.87,0.0002372
39.875,0.00020001
39.88,0.00016724
39.885,0.0001364
39.89,0.00010411
39.895,7.1076e-05
39.9,3.9528e-05
39.905,9.0045e-06
39.91,-2.1993e-05
39.915,-5.2962e-05
39.92,-8.3591e-05
39.925,-0.00011477
39.93,-0.00014657
39.935,-0.00017843
39.94,-0.00021009
39.945,-0.00024171
39.95,-0.00027333
39.955,-0.0003047
39.96,-0.00033595
39.965,-0.00036745
39.97,-0.00039912
39.975,-0.00043059
39.98,-0.00046191
39.985,-0.00049326
39.99,-0.00052451
39.995,-0.00055551
